1198 2 53475353 -96.698126 32.719356
1110 1 53475352 -96.698126 32.719356
927 2 53372522 -96.690509 32.757034
662 0 53372030 -96.68196 32.751237
1078 1 53101414 -96.619076 32.709366
1519 3 53101413 -96.619076 32.709366
1192 1 53007633 -96.607905 32.745326
1050 2 50202202 -96.681707 32.741844
850 1 53808412 -96.758927 32.75114
1650 3 53548054 -96.593637 32.681986
1050 2 50031829 -96.681707 32.741844
3600 1 50823197 -96.699448 32.757208
2430 1 52473979 -96.692311 32.746201
1200 2 52788422 -96.739864 32.763594
1200 2 52788423 -96.739864 32.763594
1550 3 52859108 -96.757006 32.753017
1525 3 52859111 -96.756446 32.75374
1350 2 52900523 -96.613331 32.723602
1100 1 53000420 -96.613331 32.723602
1650 3 53556108 -96.5929 32.681773
1725 3 53814142 -96.757428 32.75709
1345 3 53689761 -96.752302 32.786936
1200 2 53348608 -96.742741 32.775609
895 1 53819485 -96.743735 32.771046
3900 2 50836338 -96.754477 32.798598
2640 1 51679590 -96.763453 32.77889
700 1 52048331 -96.743074 32.775574
4350 4 52297084 -96.757772 32.782444
2190 2 52317834 -96.752996 32.795663
2700 1 52382713 -96.760335 32.769512
2376 1 52714964 -96.763472 32.783026
4500 3 52871202 -96.757316 32.797167
1050 1 53178745 -96.760436 32.797132
1950 3 53269386 -96.747309 32.778584
1200 2 53352381 -96.742741 32.775609
1200 2 53394166 -96.742741 32.775609
1200 2 53394167 -96.742741 32.775609
1200 2 53394168 -96.742741 32.775609
1200 2 53394175 -96.742741 32.775609
3000 3 53424205 -96.758537 32.785404
925 1 53503188 -96.746419 32.781104
975 0 53372521 -96.753302 32.818639
1371 1 53372051 -96.757555 32.81072
995 1 53367556 -96.758413 32.799896
1675 2 53367557 -96.758413 32.799896
1695 2 53360630 -96.764118 32.803999
1200 1 53254858 -96.752446 32.809757
1599 2 53171612 -96.7622 32.80569
2100 2 53323078 -96.7494 32.8253
1215 2 51963865 -96.759132 32.800214
1010 1 51963643 -96.759002 32.800319
1200 2 52698190 -96.758605 32.808561
1100 1 53751830 -96.758605 32.808561
2550 1 36665831 -96.763323 32.808122
1850 2 44276651 -96.752049 32.799434
1550 1 45092292 -96.758843 32.803579
2550 1 45633393 -96.76406 32.82315
2850 1 45633394 -96.76406 32.82315
2970 1 45633427 -96.76405 32.82315
2370 1 45633428 -96.76398 32.82302
2295 1 45633442 -96.76405 32.82315
2370 1 45692872 -96.76405 32.82315
2820 1 48872656 -96.76404 32.82316
2640 1 49191041 -96.755141 32.802001
2070 1 49430504 -96.763986 32.824629
2250 1 49509386 -96.764162 32.824083
2670 1 49571535 -96.761397 32.824776
4230 3 49573567 -96.760044 32.801593
3780 1 49645750 -96.75878 32.808416
2730 1 50661753 -96.763594 32.81068
2670 1 50914406 -96.760835 32.811182
5250 3 51225439 -96.758983 32.798736
2880 1 51234073 -96.754549 32.801619
4200 2 51239561 -96.763926 32.808363
1215 2 51308587 -96.759132 32.800214
1279 1 51333865 -96.747201 32.808176
6240 2 51734821 -96.754669 32.801022
1040 1 52058021 -96.759052 32.80863
3000 1 52153139 -96.762289 32.805487
1350 4 52315861 -96.753028 32.806463
3600 2 52342861 -96.757555 32.81072
3060 1 52485984 -96.75695 32.80273
909 1 52495737 -96.763231 32.810621
3000 2 52542901 -96.762539 32.822275
1850 2 52609307 -96.756428 32.804522
2220 1 52651269 -96.757153 32.809764
4400 3 52675725 -96.745713 32.800922
1395 2 52712723 -96.758604 32.808561
10950 1 52819061 -96.76223 32.80664
1250 1 53026627 -96.758641 32.803402
1010 1 53045855 -96.759002 32.800319
2940 1 53077399 -96.759335 32.808485
1095 1 53194225 -96.758207 32.810028
1350 2 53194393 -96.758207 32.810028
1250 2 53194394 -96.758207 32.810028
1250 2 53194410 -96.758207 32.810028
1250 2 53194411 -96.758207 32.810028
1200 1 53250051 -96.752657 32.809876
2500 3 53262348 -96.750555 32.808308
3900 2 53296640 -96.75694 32.810498
3930 2 53296643 -96.75694 32.810498
4260 0 53296645 -96.75694 32.810498
4080 2 53296650 -96.75694 32.810498
3870 2 53296651 -96.75694 32.810498
3870 2 53296652 -96.75694 32.810498
4170 2 53296653 -96.75694 32.810498
3870 2 53296657 -96.75694 32.810498
3870 2 53296658 -96.75694 32.810498
3840 1 53296659 -96.756929 32.810507
950 1 53352395 -96.756508 32.806505
1300 1 53404358 -96.760056 32.806667
1200 1 53437336 -96.761001 32.816225
1450 1 53461236 -96.762962 32.804946
4650 1 53465285 -96.75818 32.80111
4650 1 53465286 -96.75818 32.80111
1599 2 53465874 -96.7622 32.80569
1599 2 53465875 -96.7622 32.80569
1950 2 53484339 -96.757731 32.818423
1000 0 53520959 -96.760845 32.799774
1000 0 53520964 -96.760845 32.799774
1750 2 53541272 -96.744289 32.807746
1499 1 53597068 -96.752402 32.806886
1150 1 53638290 -96.762908 32.806053
1595 1 53668361 -96.75803 32.805589
1150 1 53708653 -96.763926 32.805078
1695 1 53749613 -96.760323 32.821759
925 1 53785789 -96.762908 32.806053
4200 3 53794469 -96.756844 32.809779
925 1 53818478 -96.762908 32.806053
1195 1 53818479 -96.762845 32.802946
1625 1 53824074 -96.757963 32.813765
1200 1 53372663 -96.731397 32.814665
1780 1 53372275 -96.730257 32.807122
1278 1 53372005 -96.737284 32.806538
1210 1 53371897 -96.729859 32.809579
1381 1 52181023 -96.7321 32.811226
1920 2 52181031 -96.7321 32.811226
980 1 51978661 -96.730941 32.803952
1174 1 47165784 -96.730448 32.805886
1424 1 29613973 -96.730377 32.806653
1950 1 46042084 -96.740917 32.805871
2550 2 49309695 -96.729579 32.808249
3090 1 49312000 -96.728844 32.808653
1230 1 49355841 -96.726668 32.805711
1680 1 51135392 -96.735922 32.802744
2190 1 51135440 -96.728899 32.807214
4260 1 51221043 -96.736567 32.801471
4350 1 51238883 -96.729449 32.805493
4770 1 51238886 -96.729579 32.808249
3330 1 51238917 -96.728899 32.807214
4080 1 51239255 -96.727172 32.801928
1104 1 51334254 -96.733624 32.812912
2160 2 51678963 -96.729079 32.806022
2010 1 51678970 -96.731397 32.806487
1680 1 51679071 -96.733421 32.805178
2220 1 51679086 -96.72663 32.80388
7650 2 52435483 -96.731069 32.807794
1035 1 53107007 -96.728225 32.811887
928 1 53372468 -96.688614 32.807156
1269 2 53372052 -96.716204 32.793988
783 1 53372036 -96.687215 32.813734
782 1 53371941 -96.688296 32.809718
918 1 53371940 -96.686642 32.807424
951 0 53371768 -96.698376 32.8115
1219 1 53371769 -96.698376 32.8115
867 1 53371537 -96.713344 32.805401
1045 1 53367381 -96.688439 32.800623
1100 2 52505138 -96.689668 32.802384
1235 1 52178134 -96.707419 32.833333
1165 2 52163444 -96.715112 32.795794
765 1 52161692 -96.686787 32.80669
999 0 51673227 -96.687051 32.813501
925 1 51673225 -96.687051 32.813501
1350 1 51673228 -96.687051 32.813501
865 1 51963241 -96.690188 32.813392
1379 1 46482461 -96.706768 32.830322
1849 2 46482460 -96.706768 32.830322
895 1 30457391 -96.688801 32.814739
2019 3 53366904 -96.706036 32.831715
1189 1 53366902 -96.706036 32.831715
3450 1 49244434 -96.712311 32.821996
1794 1 51170373 -96.709427 32.830245
2264 2 51183271 -96.709427 32.830245
3870 1 51220691 -96.696584 32.819683
2940 1 51236350 -96.697494 32.818112
2850 2 52485347 -96.709821 32.793576
1386 2 53372402 -96.717398 32.803548
1200 2 53613997 -96.711713 32.796151
10440 2 53711681 -96.71326 32.81136
1850 2 53780491 -96.693088 32.822866
1325 2 53797746 -96.702638 32.821534
1700 1 53419863 -96.757872 32.8377
1307 1 53372563 -96.759088 32.856488
2035 1 53372352 -96.762143 32.850383
1568 2 53372327 -96.76377 32.862085
1191 0 53372326 -96.76377 32.862085
1646 2 53372324 -96.758264 32.864062
1382 1 53372322 -96.760442 32.854366
1176 0 53371672 -96.761583 32.861023
1327 1 53371668 -96.763348 32.852374
1341 0 53371616 -96.756725 32.860283
1689 1 53371392 -96.761693 32.857872
1975 2 53371394 -96.761693 32.857872
1637 1 53371388 -96.763056 32.864054
1921 2 53371390 -96.763056 32.864054
1581 2 52163442 -96.747704 32.868294
1273 1 52163441 -96.747704 32.868294
1350 2 52162606 -96.748379 32.858504
970 0 52162604 -96.748379 32.858504
1125 1 52162603 -96.748379 32.858504
1366 0 51433817 -96.732618 32.857091
1339 1 51433821 -96.732618 32.857091
953 0 51424799 -96.747142 32.854729
860 1 51415362 -96.758985 32.86686
810 1 51446541 -96.757703 32.868324
955 1 51415345 -96.760627 32.866279
865 1 51446526 -96.756325 32.866373
1595 1 48723299 -96.76373 32.842042
835 1 51980827 -96.749082 32.867546
1540 1 47320256 -96.763962 32.843117
1520 1 47320219 -96.762122 32.843209
1546 1 46404557 -96.7604991 32.8594463
1213 0 46388266 -96.7604991 32.8594463
1300 1 53367256 -96.750549 32.868175
1398 1 38344460 -96.754704 32.855672
595 1 8158770 -96.760275 32.867206
1111 2 34343973 -96.747038 32.858313
2400 2 48104327 -96.755369 32.835253
2070 0 49419666 -96.76377 32.835508
2370 1 49427952 -96.746505 32.854308
3000 1 50357354 -96.763268 32.845271
2670 1 50812963 -96.748898 32.856454
2670 1 50827027 -96.757691 32.865701
2430 1 50892656 -96.759949 32.867429
2700 1 51074696 -96.763631 32.841013
2550 1 51090352 -96.738074 32.868152
2760 1 51126378 -96.731055 32.855853
1244 1 51170310 -96.764113 32.859513
2190 1 51643666 -96.738448 32.863235
3870 2 51864736 -96.743059 32.856783
2400 2 52262640 -96.761503 32.846775
2070 2 52282142 -96.761503 32.846775
2100 2 52315905 -96.760275 32.867206
2242 2 52345899 -96.760316 32.859377
1775 2 52734068 -96.749523 32.868519
1280 2 52829293 -96.760275 32.867206
1775 2 53115334 -96.761327 32.84864
875 1 53178746 -96.750299 32.865762
2000 2 53213764 -96.75102 32.83841
2200 2 53236354 -96.751164 32.838619
1450 1 53236514 -96.749523 32.868519
1050 1 53250063 -96.760275 32.867206
2100 2 53325958 -96.749387 32.837442
1950 2 53352382 -96.742221 32.862561
2100 2 53394236 -96.742039 32.862583
1950 2 53394241 -96.763869 32.844143
3630 2 53411651 -96.762157 32.849112
2700 3 53437296 -96.763934 32.844127
1850 2 53461243 -96.74779 32.838222
1625 2 53668270 -96.742946 32.850423
1500 1 53708570 -96.757611 32.835289
1550 2 53741989 -96.762657 32.849537
2200 2 53750459 -96.761524 32.844638
895 1 53794468 -96.760275 32.867206
832 0 53372496 -96.72977 32.893577
990 1 53372488 -96.729281 32.892489
872 1 53371984 -96.727686 32.892591
848 0 53371978 -96.722948 32.900523
909 0 53371970 -96.72492 32.899193
1163 1 53371955 -96.731048 32.888442
1080 1 53371947 -96.73391 32.872569
1089 1 53371663 -96.730875 32.883601
1846 3 53371662 -96.730875 32.883601
1282 2 53371655 -96.732854 32.886304
1079 1 53371657 -96.732854 32.886304
1579 2 53371474 -96.726874 32.891591
1262 1 53371473 -96.726874 32.891591
1960 1 53371466 -96.758483 32.870293
1593 0 53371425 -96.732639 32.880139
995 1 52511855 -96.719212 32.881419
900 1 52511868 -96.719212 32.881419
685 0 52511852 -96.719212 32.881419
805 0 52511853 -96.719212 32.881419
1464 1 52166997 -96.763 32.884077
2426 1 51215991 -96.73297 32.875087
1389 1 51430928 -96.736152 32.868559
1129 1 51430920 -96.736152 32.868559
909 1 50505099 -96.720634 32.898832
1079 1 50511838 -96.720634 32.898832
1175 1 50159331 -96.734345 32.880442
859 1 49984805 -96.726543 32.902014
929 1 49867987 -96.727158 32.898237
1669 2 49867989 -96.727158 32.898237
1015 1 48986678 -96.733123 32.884247
1200 1 44854685 -96.758072 32.870517
815 1 30457402 -96.727058 32.902822
3600 2 50790197 -96.736788 32.872144
2670 1 50822802 -96.733795 32.8735
2310 1 50833671 -96.738781 32.869519
2850 1 50876396 -96.729813 32.89456
3270 2 50930057 -96.762926 32.875491
5070 1 51061629 -96.732202 32.877717
1332 1 51333990 -96.719193 32.880259
1089 1 51334195 -96.719433 32.879429
4500 2 52003931 -96.760062 32.889638
2850 1 52008588 -96.752734 32.872985
1035 1 52039236 -96.762241 32.869559
6120 1 52265134 -96.763726 32.887799
2970 1 52336508 -96.720902 32.899531
2263 2 52346292 -96.762223 32.887059
1695 2 52968960 -96.753799 32.876025
2495 2 53091786 -96.750725 32.868621
1400 1 53099267 -96.752772 32.870509
10500 4 53103417 -96.737964 32.890193
1290 2 53168471 -96.73391 32.872569
3250 4 53279532 -96.723208 32.892963
1800 2 53492709 -96.7300181 32.8897298
2050 2 53554092 -96.752772 32.870509
3510 1 53558639 -96.732492 32.875551
1550 2 53597084 -96.723798 32.898312
1350 1 53708556 -96.73391 32.872569
1595 2 53721001 -96.730472 32.890899
1050 2 53739020 -96.738854 32.892111
2850 3 53741783 -96.72292 32.892804
1125 1 53771715 -96.738854 32.892111
1450 2 53780364 -96.727913 32.890334
1350 2 53818595 -96.724552 32.901252
1104 1 53372740 -96.690981 32.876305
1322 2 53372738 -96.690981 32.876305
995 1 53372686 -96.68228 32.871071
747 0 53372475 -96.689977 32.87783
889 1 53372470 -96.680988 32.866962
1039 1 53372046 -96.692213 32.843641
1036 1 53371930 -96.681939 32.869886
1519 1 53371782 -96.711677 32.866527
954 0 53371497 -96.716612 32.881169
1183 2 53371496 -96.716612 32.881169
718 1 53371461 -96.688904 32.875182
818 1 53371458 -96.711669 32.9008
924 1 53369440 -96.716342 32.897549
1422 0 53367185 -96.684869 32.874373
985 1 52709378 -96.68563 32.872946
1055 0 49014732 -96.702335 32.862834
780 1 45560397 -96.712874 32.901324
740 1 45560393 -96.712874 32.901324
1110 1 45560412 -96.712874 32.901324
910 1 52855585 -96.694716 32.878044
1010 1 34434493 -96.688521 32.841065
902 1 34023718 -96.687925 32.877144
1287 2 34023723 -96.687925 32.877144
2225 3 49106995 -96.682707 32.854631
1799 2 50688165 -96.688795 32.849255
2970 1 50788247 -96.699526 32.838191
2250 1 50905611 -96.711193 32.849055
2214 2 51183070 -96.7071 32.8774
2340 1 51229137 -96.688025 32.866883
942 1 51334062 -96.681334 32.868356
6030 1 51658816 -96.710143 32.864948
2280 1 51880215 -96.687411 32.854233
1700 2 53128696 -96.689801 32.847846
1895 3 53742183 -96.687389 32.851418
2295 3 53742210 -96.688988 32.849418
2550 1 53757664 -96.718051 32.880204
1125 1 53711464 -96.635724 32.840243
975 0 53689771 -96.634064 32.837645
809 1 53371932 -96.651972 32.855289
787 1 53371492 -96.648911 32.853199
1226 1 53105687 -96.641374 32.821229
967 1 53105679 -96.644974 32.877189
1284 1 53105656 -96.60244 32.862342
1080 1 53105630 -96.605098 32.805044
931 1 53105627 -96.646538 32.861356
1089 1 53105615 -96.630613 32.839205
998 1 53105594 -96.631757 32.814068
1294 1 53105555 -96.601238 32.829102
1049 1 53101428 -96.60294 32.847307
1229 1 53101369 -96.608068 32.795337
990 1 53020503 -96.62004 32.880182
1480 2 53020426 -96.589377 32.844482
1348 2 53020425 -96.589377 32.844482
1030 1 53020388 -96.607401 32.85185
1102 1 53020356 -96.613712 32.806114
866 0 53020341 -96.62532 32.798685
1336 1 53020335 -96.655799 32.820785
1088 1 53020333 -96.650204 32.79276
1024 1 53020323 -96.600539 32.830245
1067 1 53020310 -96.607452 32.890832
1004 1 53020277 -96.639223 32.793482
1334 1 53020063 -96.592833 32.847782
1125 0 53008720 -96.617777 32.804384
939 1 53008716 -96.627473 32.828172
1161 1 53008711 -96.601858 32.837217
1071 1 53008712 -96.601858 32.837217
1250 2 52475772 -96.656608 32.87766
1125 1 51425173 -96.618606 32.860834
985 1 51419159 -96.622074 32.798388
954 1 51419158 -96.622074 32.798388
1148 1 50950430 -96.630975 32.794767
1361 1 50950211 -96.605519 32.81483
1235 1 50219952 -96.633603 32.817256
1000 1 51966579 -96.616304 32.777795
1510 3 51966581 -96.616304 32.777795
1324 1 48403609 -96.607331 32.83648
945 1 48328367 -96.641809 32.848508
1087 1 48328371 -96.641809 32.848508
1075 1 51978789 -96.596967 32.851488
940 1 45564593 -96.636277 32.815382
845 0 52855416 -96.671076 32.805833
1066 1 34727839 -96.627759 32.827111
963 1 34727838 -96.627759 32.827111
594 2 32422841 -96.601903 32.837199
1039 1 32422840 -96.601903 32.837199
1045 1 30457370 -96.627138 32.820343
1600 2 28954092 -96.638509 32.860978
774 1 36408129 -96.628667 32.790867
3600 1 49265462 -96.673317 32.830978
1100 1 50625861 -96.655655 32.878238
2850 1 50802940 -96.630027 32.817374
1782 2 51182787 -96.6304 32.816
1094 1 51334134 -96.5969 32.8572
3600 1 51997762 -96.60293 32.86645
3875 4 52625343 -96.640076 32.878179
2489 4 52802933 -96.649939 32.766862
1345 2 52831978 -96.666392 32.797659
1025 1 52831979 -96.666392 32.797659
4900 3 52910698 -96.64985 32.901581
1012 1 53094359 -96.585407 32.7885
1560 2 53096089 -96.660778 32.883029
1100 2 53148899 -96.660997 32.883499
932 1 53149591 -96.660235 32.795571
900 1 53177711 -96.670041 32.792425
1025 2 53177714 -96.670041 32.792425
2195 3 53263564 -96.666763 32.849243
1295 2 53272543 -96.660406 32.881051
817 1 53355297 -96.651972 32.855289
1152 2 53355300 -96.651972 32.855289
1035 1 53407579 -96.622395 32.843659
1795 4 53424101 -96.633749 32.887866
1395 2 53478205 -96.659364 32.881842
1400 2 53528375 -96.65988 32.881998
1295 2 53568485 -96.666392 32.797659
995 1 53568486 -96.666392 32.797659
1250 2 53614038 -96.656741 32.877277
1595 2 53711399 -96.65805 32.767834
1400 2 53794409 -96.657096 32.877044
1400 2 53794428 -96.657096 32.877044
2195 3 53804836 -96.659513 32.836475
1345 2 53811887 -96.666392 32.797659
1595 3 53824052 -96.619517 32.782695
1595 2 53824169 -96.65805 32.767834
1489 0 53219272 -96.479625 32.892353
1054 0 53105665 -96.540883 32.860722
1286 2 53105669 -96.540883 32.860722
1235 1 53101263 -96.450973 32.750413
1072 1 53020223 -96.54516 32.862127
1220 1 52161681 -96.544446 32.86199
1310 2 52161680 -96.544446 32.86199
1486 1 51433061 -96.518642 32.898804
1534 1 50508095 -96.4309 32.7508
884 0 47795615 -96.53919 32.860517
1292 1 47409878 -96.5266 32.8822
1309 1 47409872 -96.522362 32.876484
1443 1 47409852 -96.5557 32.8926
1115 1 46277244 -96.574688 32.849432
915 1 45614085 -96.574688 32.849432
1149 1 41951080 -96.548739 32.861606
1167 1 32500186 -96.551623 32.854875
987 1 32500185 -96.551623 32.854875
1180 1 36548364 -96.563491 32.849262
1390 2 36548363 -96.563491 32.849262
3540 1 49389237 -96.483961 32.873623
3180 1 49610607 -96.534882 32.857033
2850 1 49699588 -96.546656 32.86445
912 1 50712118 -96.5475 32.8957
3900 2 50971594 -96.548913 32.855672
2820 1 51319662 -96.482358 32.87683
1409 1 51334125 -96.474529 32.891909
969 1 51558985 -96.544923 32.862411
2340 1 51592525 -96.450358 32.753369
3300 1 51638090 -96.543436 32.866978
1030 1 51703661 -96.570955 32.870151
2700 2 52092139 -96.483736 32.877131
4500 3 52300763 -96.481534 32.897848
2790 3 52315797 -96.480261 32.885779
2250 2 52315848 -96.495348 32.819665
1740 2 52317852 -96.541119 32.862415
2400 1 52441839 -96.544998 32.867447
2850 1 52540889 -96.547864 32.851131
2672 2 52626600 -96.450973 32.750413
2550 1 52681624 -96.438993 32.756731
1650 2 53115350 -96.539535 32.860989
2075 4 53297290 -96.582172 32.750066
1500 3 53327326 -96.4117792 32.7563437
1750 1 53336376 -96.483142 32.877569
1795 3 53404333 -96.530186 32.885259
1850 2 53406018 -96.478005 32.875269
1100 1 53412376 -96.544432 32.858295
1315 2 53435878 -96.582658 32.846483
1699 2 53478206 -96.53178 32.885642
1750 1 53503736 -96.4378 32.8737
1699 3 53503909 -96.530824 32.887984
1350 1 53526391 -96.5520269 32.8559863
2500 3 53541398 -96.481153 32.887186
1650 1 53614006 -96.484236 32.877652
1750 2 53638397 -96.545702 32.859899
1695 2 53681258 -96.541276 32.862552
1685 2 53723349 -96.541276 32.862552
1695 2 53741897 -96.541276 32.862552
1695 1 53780421 -96.478506 32.874724
1450 2 53794399 -96.530292 32.88582
1795 1 53800642 -96.478613 32.874801
1450 1 53800653 -96.477201 32.875033
1165 3 53801387 -96.5745026 32.7796252
2500 5 53807165 -96.458388 32.638533
1195 1 53811828 -96.539578 32.864342
