940 1 52136186 -86.586129 39.211797
750 0 52136185 -86.586129 39.211797
1481 1 51993791 -86.5887253 39.2135311
1300 2 51980333 -86.590549 39.214777
1200 2 51958306 -86.585025 39.151672
850 1 49745497 -86.636126 39.229884
2300 4 50775060 -86.608019 39.230673
1850 3 51179988 -86.591248 39.163103
2340 1 51708394 -86.615189 39.313384
2250 3 51924760 -86.5971 39.2299
1300 3 52124436 -86.549638 39.155507
1200 2 51994732 -86.541417 39.154916
850 0 51980759 -86.542338 39.168889
1095 2 51980182 -86.543927 39.160592
859 1 51977243 -86.546481 39.154303
1775 3 48535088 -86.5716 39.1553
1100 1 39749729 -86.548248 39.155444
1650 3 51956552 -86.548909 39.155728
1190 2 38179500 -86.547568 39.155669
595 0 51957052 -86.563863 39.154093
695 1 51956280 -86.542913 39.156326
1068 2 36584746 -86.571065 39.14682
909 1 36584743 -86.571065 39.14682
2200 3 49005730 -86.554188 39.126783
6630 3 49639373 -86.546759 39.143409
5580 3 52274658 -86.550381 39.141003
1800 1 52506944 -86.553713 39.139616
1800 2 52549066 -86.542112 39.166521
1950 4 52707748 -86.527029 39.124096
925 2 52475187 -86.534308 39.130616
4500 1 50883169 -86.527099 39.125347
1400 2 50953767 -86.524664 39.133022
1350 3 52098260 -86.5261687 39.1329796
2400 5 52111363 -86.528383 39.125879
800 2 52478242 -86.532601 39.107182
1700 3 52478243 -86.522743 39.135319
1350 3 51980947 -86.53796 39.151993
1170 1 36586335 -86.526833 39.149163
1389 2 51952732 -86.5339954 39.1539435
1010 1 39749626 -86.527319 39.150478
975 1 39749629 -86.525099 39.150034
1140 1 37889994 -86.526619 39.150074
2730 2 49578917 -86.538392 39.15549
1850 3 49961575 -86.525152 39.140111
2500 3 50695872 -86.532536 39.149742
2280 1 50763198 -86.53843 39.15552
1325 2 50791926 -86.531 39.149968
2550 0 51090277 -86.538392 39.15549
900 2 52037416 -86.540065 39.15534
1150 2 52076009 -86.526607 39.148598
1300 4 52543936 -86.52697 39.138022
3500 2 52618938 -86.532733 39.149999
1000 3 52732283 -86.528313 39.139193
1275 4 52742501 -86.528327 39.139319
1300 1 51990354 -86.532728 39.162056
789 0 51988432 -86.537824 39.165227
1420 2 49965847 -86.5333217 39.162227
1500 3 49965885 -86.5333217 39.162227
1300 1 51974330 -86.535064 39.158627
2300 2 51964334 -86.533348 39.167889
1590 1 40352693 -86.534369 39.165541
2198 2 51960393 -86.534446 39.172752
4750 5 52620574 -86.534446 39.172752
1305 0 51959986 -86.5351951 39.1714936
1457 0 51959817 -86.536401 39.172379
5300 5 51955441 -86.535208 39.173129
2200 2 51955065 -86.532769 39.168263
3000 3 51952898 -86.535208 39.172957
1100 1 51959703 -86.532686 39.169979
1000 1 51952855 -86.534447 39.172582
1500 2 51952859 -86.535583 39.173205
700 1 51959079 -86.535141 39.177014
1850 2 38177984 -86.534968 39.166881
1374 1 39746737 -86.533951 39.171829
2985 3 38975227 -86.535966 39.16665
2300 2 36583938 -86.533523 39.168066
925 0 51952850 -86.534786 39.16802
1600 2 51952851 -86.534786 39.16802
1050 0 51955353 -86.534972 39.166641
2400 2 51955244 -86.532831 39.167862
676 1 51952862 -86.534019 39.163246
1850 3 27437085 -86.537127 39.163083
1940 2 51141149 -86.533446 39.1676
875 2 51533535 -86.532769 39.159899
1045 3 51852264 -86.533945 39.172008
995 1 52549067 -86.535259 39.166923
1149 0 51994026 -86.528331 39.166723
999 1 51992674 -86.529481 39.173725
1019 1 51950153 -86.5238407 39.1624775
1129 1 51988429 -86.529599 39.162508
1129 1 51950152 -86.528738 39.162497
1129 0 51950146 -86.528723 39.161827
1699 2 51988413 -86.531893 39.16933
1375 1 51986006 -86.532092 39.162064
1250 1 51985292 -86.529333 39.161073
900 0 51985291 -86.529333 39.161073
1900 2 51980526 -86.531446 39.169145
5400 5 51978968 -86.530536 39.169321
5642 3 51969681 -86.528818 39.166259
1239 1 40915877 -86.531384 39.171054
950 1 51964772 -86.531054 39.159745
1100 1 51964770 -86.530127 39.171949
800 1 51961559 -86.530027 39.173237
1330 2 51961293 -86.5302695 39.1612545
1189 0 42275126 -86.5275277 39.1625714
1239 0 51961014 -86.5263857 39.165325
995 0 36584010 -86.526258 39.160935
1039 1 37081987 -86.52879 39.168816
1380 2 51960000 -86.527481 39.173712
3150 3 51959901 -86.5290064 39.1653475
860 1 36541789 -86.529457 39.171335
2600 3 38160131 -86.527296 39.169662
5950 7 51953254 -86.525563 39.17032
4700 5 52641024 -86.525563 39.17032
4193 7 51953251 -86.526932 39.1617351
1950 3 52659475 -86.531597 39.158851
730 1 52066236 -86.528037 39.177152
5200 6 52641022 -86.529575 39.1698264
4300 5 52641023 -86.529575 39.1698264
1039 1 36583544 -86.529481 39.163841
1159 2 42275111 -86.526818 39.158672
999 1 41219573 -86.527296 39.169127
2600 3 37595360 -86.527296 39.169127
1189 0 38262142 -86.527588 39.162678
1249 0 40193872 -86.526786 39.161023
1239 1 36583542 -86.531578 39.168755
975 1 38425292 -86.530703 39.170073
1450 2 38425293 -86.530703 39.170073
2150 2 51955291 -86.53196 39.168743
830 1 52066237 -86.528037 39.177353
4300 4 51955064 -86.532075 39.168259
1199 1 40682951 -86.527394 39.168781
879 0 39974612 -86.527394 39.168781
4750 5 39393804 -86.530334 39.160556
4950 6 39393805 -86.529929 39.17153
4000 5 39393806 -86.529713 39.161639
4500 5 39393807 -86.528743 39.16268
5000 5 39393809 -86.529318 39.170305
5125 5 39393812 -86.529546 39.170209
5000 5 39393818 -86.528587 39.168816
4750 5 39393819 -86.531469 39.16115
2475 3 39393822 -86.526818 39.159013
3600 4 39393828 -86.527002 39.159188
1100 1 39393829 -86.531348 39.172305
1300 2 39393830 -86.531348 39.172305
4500 5 39393831 -86.525085 39.162003
3800 5 39393836 -86.525044 39.159083
4250 5 39393837 -86.531484 39.171817
3300 3 41751955 -86.526008 39.162064
8000 8 43443747 -86.530769 39.169321
4625 5 43443749 -86.527002 39.16148
3200 4 43458263 -86.528114 39.159596
2000 2 47300596 -86.526269 39.161735
800 1 47576656 -86.529099 39.161064
1200 2 47576664 -86.529099 39.161064
2400 3 47576665 -86.526802 39.158331
4470 2 49580347 -86.528421 39.165178
4620 2 49580634 -86.528421 39.165178
750 1 50291207 -86.525623 39.162397
1600 2 52044419 -86.525102 39.17032
4000 5 52044675 -86.525102 39.17032
21840 3 52134856 -86.529716 39.166374
2100 3 52313607 -86.527546 39.159507
1698 2 52066450 -86.508981 39.168073
1900 2 51979670 -86.506364 39.166362
2499 5 51992658 -86.511629 39.150002
1596 3 51992657 -86.511629 39.150002
969 1 51950148 -86.512069 39.157602
1500 3 51980522 -86.516328 39.150269
950 1 52135988 -86.522933 39.16133
950 1 51980534 -86.521575 39.149881
625 0 51980186 -86.512877 39.149774
1980 3 51965651 -86.506378 39.168139
950 1 52066475 -86.509122 39.168073
1850 2 51946784 -86.522456 39.162906
775 1 51953271 -86.50634 39.164935
1050 1 52066449 -86.50914 39.167875
3075 3 39393803 -86.513881 39.163948
2775 3 39393808 -86.516228 39.162839
2475 3 39393810 -86.51427 39.162729
3400 4 39393821 -86.514542 39.161762
1025 3 39805371 -86.515511 39.149999
2250 3 43443748 -86.514542 39.162315
2175 3 47044300 -86.513477 39.162473
2475 3 47400191 -86.511084 39.160781
3600 3 47557685 -86.518393 39.162445
3000 4 48073456 -86.513008 39.161923
1350 2 48916129 -86.5092 39.15761
1350 2 48916130 -86.510092 39.157713
4500 5 50727745 -86.522834 39.162389
2400 3 51483500 -86.510491 39.162018
4800 3 51651050 -86.516095 39.160508
2100 4 51651051 -86.512385 39.160036
5280 3 51716160 -86.512447 39.149713
945 2 51771282 -86.522802 39.139492
1750 2 52058810 -86.521501 39.162473
5280 3 52501668 -86.512447 39.149713
850 2 52598704 -86.522802 39.139323
835 2 52598705 -86.522333 39.139345
1575 2 52692181 -86.522437 39.136586
1325 2 52732284 -86.518123 39.143676
1850 3 52476139 -86.537649 39.181443
1750 3 52476138 -86.537649 39.181443
775 1 52410794 -86.532613 39.178463
1389 3 51992661 -86.533824 39.192481
3390 5 51948850 -86.52879 39.181572
720 1 51980335 -86.536945 39.177913
1875 3 51973647 -86.537729 39.180142
1100 2 51965132 -86.536703 39.177913
645 1 52135610 -86.528408 39.184238
850 1 51959636 -86.537392 39.178486
695 1 36541386 -86.532208 39.182036
615 0 36583483 -86.533119 39.193112
670 1 38540925 -86.529343 39.178305
4250 5 39393825 -86.532092 39.181658
4250 5 39393827 -86.531323 39.181384
4250 5 43443750 -86.53131 39.181629
7620 3 49429070 -86.538292 39.182598
8700 3 49689223 -86.541428 39.183739
999 0 50858985 -86.533064 39.182939
1798 2 51484471 -86.530937 39.182698
1250 0 51991907 -86.5009 39.1297
1040 1 51980303 -86.480881 39.169992
1350 2 51980184 -86.481744 39.171394
1475 2 46330944 -86.491261 39.149823
1172 2 46330943 -86.491261 39.149823
1095 1 44424466 -86.491727 39.169564
1210 2 44424468 -86.491727 39.169564
869 1 51956421 -86.475452 39.165201
957 1 51959999 -86.4982 39.1944
983 1 51959998 -86.501 39.1297
1490 2 30109927 -86.490115 39.157108
1800 4 34646913 -86.492673 39.172117
869 0 51952730 -86.475693 39.165003
1260 1 36541102 -86.491089 39.157899
800 1 39393813 -86.4979 39.1942
2475 3 39393814 -86.4982 39.1944
750 0 39393816 -86.4979 39.1942
2475 3 39393824 -86.5009 39.1297
2300 3 48073459 -86.501906 39.132293
2300 4 48073466 -86.474352 39.172014
8280 3 49205024 -86.48248 39.142676
14970 1 49712293 -86.43741 39.242065
2750 3 51118176 -86.505799 39.168967
2000 3 52159865 -86.452218 39.245962
1650 2 52234896 -86.500702 39.130586
1875 4 52313605 -86.481373 39.173787
1750 3 52523604 -86.501678 39.129618
1225 2 52182894 -86.530216 39.760911
1000 2 51976842 -86.462098 39.760636
250 0 52532820 -86.414639 39.421475
1050 2 52047811 -86.204364 39.766048
750 1 52047812 -86.204364 39.766048
1599 3 52232459 -86.164331 39.766492
799 1 51419465 -86.247538 39.695749
1115 1 51448204 -86.19512 39.659741
950 2 51989610 -86.339636 39.727367
1595 0 50866719 -86.303863 39.763418
1775 0 50853096 -86.374793 39.66798
400 1 49958807 -86.186099 39.64725
1340 1 47785649 -86.3857 39.7158
1129 1 51971097 -86.332057 39.635572
1245 1 42614325 -86.316498 39.650637
775 2 40766270 -86.429418 39.429986
1350 0 31219229 -86.262754 39.725419
1350 0 30125796 -86.252129 39.729221
1273 2 51959111 -86.389178 39.695174
960 2 51958512 -86.400948 39.706203
865 1 37198469 -86.390575 39.475593
750 2 52275957 -86.4144 39.4486
825 3 35518986 -86.164145 39.728659
778 2 35922879 -86.237057 39.753588
875 3 40716943 -86.194562 39.747824
795 3 41189395 -86.18246 39.756066
2220 2 45650510 -86.15814 39.76429
975 1 46675235 -86.247903 39.208883
849 1 46959217 -86.3988 39.7629
950 4 47356740 -86.232492 39.721585
5250 1 49235564 -86.248717 39.203494
3480 2 49522496 -86.158518 39.765834
3960 1 49575434 -86.228737 39.20744
4890 1 49592858 -86.250336 39.205947
4830 1 49592865 -86.24305 39.209854
3480 1 49616261 -86.158554 39.765604
10080 3 49620527 -86.158303 39.763991
10350 2 49642541 -86.366988 39.671629
5250 0 49646035 -86.166967 39.759483
5700 1 49646060 -86.166967 39.759483
13620 4 49648974 -86.158136 39.764086
3072 2 49669573 -86.162822 39.765801
2208 1 49671138 -86.160837 39.764451
5760 0 49692238 -86.366988 39.671629
6150 1 49701782 -86.366988 39.671629
6750 2 49714717 -86.246682 39.205179
1349 2 50124987 -86.158714 39.748759
8640 2 50221402 -86.248047 39.205178
11580 3 50221446 -86.248047 39.205178
3720 2 50359343 -86.339011 39.727714
37110 9 50362614 -86.248047 39.205178
11520 3 50364290 -86.248047 39.205178
2500 0 50577328 -86.436175 39.422019
2000 0 50762071 -86.3895 39.7638
2736 2 50830743 -86.16546 39.766923
1700 3 50891171 -86.4248349887601 39.6978073653116
6810 2 50907942 -86.160617 39.756621
7920 4 50911790 -86.246482 39.204695
1500 1 51006976 -86.19365 39.747343
4469 1 51045854 -86.166967 39.759483
4470 0 51052363 -86.366988 39.671629
850 2 51138276 -86.428699 39.414665
750 1 51151127 -86.422732 39.429444
850 2 51152783 -86.420458 39.435653
850 2 51152856 -86.418379 39.422941
750 2 51303907 -86.191732 39.750869
7290 1 51589445 -86.248047 39.205178
8369 2 51670203 -86.166967 39.759483
4770 1 51680030 -86.366988 39.671629
5070 1 51694722 -86.366988 39.671629
895 3 51828304 -86.2397033 39.7162241
1250 2 51881099 -86.159849 39.658158
975 3 51939423 -86.228964 39.715468
995 3 52030912 -86.238878 39.752483
3660 2 52072384 -86.273109 39.765197
2500 2 52081487 -86.164139 39.749809
3390 1 52159701 -86.432408 39.117189
990 3 52187149 -86.259088 39.755039
1200 4 52200039 -86.193862 39.751872
1100 2 52251325 -86.158273 39.739173
1800 1 52275306 -86.195809 39.748713
1200 3 52326342 -86.191496 39.749174
4200 2 52434244 -86.163444 39.76581
22770 3 52489626 -86.159434 39.76173
1400 2 52517747 -86.160084 39.748814
1200 0 52567556 -86.354269 39.618586
2910 1 52690743 -86.285507 39.681947
