1395 2 52182668 -84.606543 39.03061
1395 2 52597186 -84.561846 39.035292
1100 1 29633459 -84.508078 39.012731
1550 2 49276341 -84.528886 39.053128
1445 2 50037821 -84.5851 39.0495
4470 2 50771022 -84.529659 39.051496
5970 2 50836915 -84.528605 39.052696
1887 2 51306584 -84.527085 39.053636
900 1 52440506 -84.571009 39.031133
2700 3 52474792 -84.554323 39.020233
850 1 52498896 -84.601341 39.027204
2000 2 52628276 -84.524919 39.008999
1250 2 52639130 -84.570431 39.031361
1650 3 52548375 -84.57892 39.107116
700 1 52533960 -84.6002943 39.1304968
700 1 52488231 -84.5730283 39.1218415
800 1 52482546 -84.5730283 39.1218415
915 2 51891208 -84.5756782 39.1234498
920 2 51890742 -84.5778622 39.1245897
750 1 51799351 -84.559372 39.109519
695 1 51454042 -84.568461 39.101052
700 1 51453905 -84.577538 39.137541
900 2 51453413 -84.563535 39.114092
695 1 51453412 -84.563535 39.114092
750 1 51453376 -84.600922 39.131351
780 1 51989284 -84.5736626 39.1096855
835 1 51966894 -84.575294 39.122502
790 1 51966888 -84.581182 39.124544
1195 4 52255115 -84.587636 39.115785
700 1 51980030 -84.595132 39.133309
1200 4 52636182 -84.576252 39.110743
1400 3 52337310 -84.573608 39.134293
995 2 44663748 -84.5875751 39.1164145
2700 1 45643010 -84.57444 39.08632
950 1 47014654 -84.586149 39.117694
3750 2 49412175 -84.559708 39.106353
4770 2 49574522 -84.558471 39.103158
2940 1 49681413 -84.602208 39.132323
7350 4 50995580 -84.565328 39.097687
2670 1 51021941 -84.562788 39.079917
1575 3 51154082 -84.580758 39.121632
4230 0 51232790 -84.558345 39.104831
4290 2 51320305 -84.566831 39.104078
3570 2 51659481 -84.57774 39.111512
1400 3 51811765 -84.567712 39.112612
1500 3 51840144 -84.575729 39.111029
4800 2 52023424 -84.565603 39.102464
4110 0 52079294 -84.558345 39.104831
1050 2 52171179 -84.583843 39.10366
850 1 52231654 -84.584938 39.107699
875 1 52412028 -84.591305 39.106876
1410 2 52542416 -84.607116 39.115177
750 2 52636950 -84.564354 39.110474
1455 0 52253972 -84.51266 39.09691
1382 1 52253985 -84.51266 39.09691
1620 0 52165420 -84.512909 39.089736
3271 2 52625073 -84.526686 39.071576
1050 2 51993218 -84.524929 39.063103
48600 8 47630650 -84.51023 39.0865
3420 1 48677251 -84.51732 39.08146
4350 3 49196471 -84.508195 39.075809
7500 2 49214254 -84.511539 39.096688
850 1 49221901 -84.522871 39.059146
2610 1 49362883 -84.517372 39.081525
2970 1 49395289 -84.515896 39.081877
3810 1 49426639 -84.512415 39.088635
3600 2 49500823 -84.514573 39.081258
11250 1 49518853 -84.511222 39.095911
5790 1 49563458 -84.510212 39.086484
4020 1 49563461 -84.510212 39.086484
4020 1 49563462 -84.510212 39.086484
5880 1 49563464 -84.510212 39.086484
4350 1 49563465 -84.510212 39.086484
4080 1 49563468 -84.510212 39.086484
34770 8 49563471 -84.510212 39.086484
3810 1 49615204 -84.51025 39.086098
2670 1 49627689 -84.549436 39.093088
3600 1 49627907 -84.515236 39.08445
3030 1 49636201 -84.549436 39.093088
2670 1 50079671 -84.550001 39.09577
3210 1 50155289 -84.515268 39.081438
1595 2 50727517 -84.527903 39.084907
2550 1 50971571 -84.515489 39.086339
5880 2 50986094 -84.507716 39.083003
3120 2 50989734 -84.512184 39.077719
6090 2 51011429 -84.515686 39.086438
4200 2 51011430 -84.51302 39.079944
800 1 51023109 -84.523664 39.077668
825 1 51040538 -84.522903 39.059864
9780 3 51051800 -84.514838 39.075982
14520 5 51051802 -84.514838 39.075982
6600 3 51051803 -84.51302 39.079944
3600 1 51084882 -84.51302 39.079944
2730 1 51127619 -84.513242 39.073783
2760 2 51160530 -84.509954 39.097181
3690 1 51225766 -84.519008 39.083268
2040 2 51225771 -84.519008 39.083268
2070 1 51227457 -84.518573 39.082921
1650 1 51227460 -84.518573 39.082921
3960 1 51227469 -84.518573 39.082921
4320 2 51227512 -84.518573 39.082921
6510 2 51229526 -84.508652 39.082658
4620 2 51283713 -84.517686 39.081192
2430 1 51593763 -84.509178 39.066011
2610 1 51673328 -84.55221 39.090718
2460 1 51673334 -84.55221 39.090718
3810 2 51708339 -84.515489 39.086339
5250 2 51722296 -84.516506 39.083536
2520 1 51735523 -84.507712 39.08749
3600 2 51828961 -84.531365 39.072887
2460 1 51828988 -84.531365 39.072887
2370 1 52012137 -84.51933 39.078812
1950 2 52028223 -84.513112 39.085339
1450 1 52028226 -84.513112 39.085339
1995 2 52106765 -84.510798 39.081628
2195 3 52106766 -84.510798 39.081628
1150 1 52110644 -84.510909 39.085499
1700 3 52140099 -84.540093 39.090959
1900 2 52147973 -84.515633 39.086003
900 1 52194612 -84.520258 39.082207
7620 2 52258969 -84.525133 39.073046
2070 1 52275293 -84.536589 39.083524
2550 2 52280032 -84.517242 39.081577
3600 4 52331017 -84.549039 39.065897
3720 1 52391658 -84.512393 39.070794
3600 2 52477701 -84.517306 39.079278
3390 1 52477709 -84.517306 39.079278
3240 1 52477729 -84.517306 39.079278
800 1 52524919 -84.515298 39.064656
2100 2 52545486 -84.509441 39.082039
1595 2 52605860 -84.528834 39.067897
900 1 52123081 -84.5491 39.134103
695 1 51960509 -84.533578 39.132492
1800 3 47641586 -84.532818 39.124104
1115 2 48028380 -84.555516 39.103078
6810 1 50833940 -84.556869 39.107803
3750 2 50899821 -84.532992 39.118439
3270 1 50973066 -84.555477 39.106434
6000 2 51090011 -84.552571 39.125052
4860 2 51688471 -84.546074 39.099468
1250 1 51705548 -84.555889 39.105479
1300 3 52051428 -84.557202 39.136142
1100 3 52448409 -84.553118 39.108484
1350 2 52548392 -84.522174 39.106422
2150 2 52384974 -84.521774 39.10706
1000 1 46290309 -84.522546 39.107722
7350 3 49510041 -84.522296 39.113523
3900 1 50880719 -84.52112 39.11085
4200 2 50989558 -84.531292 39.114743
4830 3 51005051 -84.527708 39.118144
3900 3 51005369 -84.527517 39.118127
8160 2 51219709 -84.522623 39.10839
5250 1 51644969 -84.523565 39.114833
3450 1 51731554 -84.524099 39.110177
7350 3 51749942 -84.52614 39.116655
3630 1 52003858 -84.52595 39.114721
3600 1 52007160 -84.520802 39.108782
1400 3 52160983 -84.530019 39.116412
1895 2 52530229 -84.529623 39.115728
2450 3 52537836 -84.515844 39.102287
1651 1 48361330 -84.51513 39.099962
1212 0 48361329 -84.51513 39.099962
6150 1 46794183 -84.5151 39.1082
4860 0 48303111 -84.51513 39.10816
4350 1 49583391 -84.515074 39.108158
4710 0 49642899 -84.515074 39.108158
3000 2 49700929 -84.516404 39.104803
6240 1 50036419 -84.51444 39.10585
10830 1 50809353 -84.51394 39.10642
6030 1 51625230 -84.514447 39.105857
2850 1 52287841 -84.515074 39.108158
3450 1 52306910 -84.514447 39.105857
1200 2 52535923 -84.517714 39.1046
1260 0 52201101 -84.512909 39.099529
1500 1 52201107 -84.512909 39.099529
1100 0 51973631 -84.510869 39.103039
1730 0 40379850 -84.508574 39.104814
1270 0 40258434 -84.508442 39.104199
1145 0 40258436 -84.508442 39.104199
1345 0 40258418 -84.507923 39.105133
1205 0 40258417 -84.507923 39.105133
1615 0 38771055 -84.512609 39.107019
1499 1 38771058 -84.512609 39.107019
795 0 51954617 -84.5086 39.107
1710 1 45643008 -84.5079 39.1051
4680 2 47165879 -84.5082 39.10415
6090 1 47165880 -84.51079 39.10474
2520 1 49236004 -84.510812 39.104652
2520 1 49236007 -84.510812 39.104652
2520 1 49236010 -84.510812 39.104652
2520 1 49236016 -84.507923 39.105133
2520 1 49236027 -84.510812 39.104652
2520 1 49236030 -84.510812 39.104652
2520 1 49236035 -84.507923 39.105133
3420 1 49260887 -84.511123 39.102995
4500 1 49363085 -84.512487 39.106162
3300 1 49546397 -84.512748 39.09922
2940 1 49546399 -84.512748 39.09922
3030 1 49546403 -84.512748 39.09922
4200 1 49546404 -84.512748 39.09922
4590 1 49546408 -84.512748 39.09922
4590 1 49546409 -84.512748 39.09922
3570 1 49546413 -84.512748 39.09922
3570 1 49546414 -84.512748 39.09922
1800 1 49547855 -84.510869 39.103039
2250 1 49552666 -84.510869 39.103039
1650 1 49552667 -84.510869 39.103039
2850 1 49552668 -84.510869 39.103039
1650 1 49552680 -84.510869 39.103039
5040 2 49554376 -84.512748 39.09922
5790 2 49554571 -84.512748 39.09922
2760 1 49556569 -84.510869 39.103039
2670 1 49556785 -84.510869 39.103039
5280 1 49586399 -84.510812 39.104652
4830 2 49594695 -84.512663 39.099328
4950 2 49594698 -84.512663 39.099328
4950 2 49594712 -84.512748 39.09922
4200 2 49594727 -84.512663 39.099328
5010 2 49594732 -84.512663 39.099328
4590 2 49594733 -84.512748 39.09922
4740 2 49594734 -84.512748 39.09922
4710 2 49594735 -84.512663 39.099328
4770 1 49596307 -84.508521 39.104039
3750 1 49596335 -84.508521 39.104039
6120 2 49596341 -84.508521 39.104039
4290 1 49607374 -84.513039 39.106689
3210 1 49612478 -84.510869 39.103039
3210 1 49631527 -84.510869 39.103039
3180 2 49704746 -84.513431 39.103464
3900 1 49738955 -84.512748 39.09922
3600 1 49738956 -84.512748 39.09922
4770 2 49800814 -84.512748 39.09922
3540 1 50151867 -84.510869 39.103039
3540 1 50151876 -84.510869 39.103039
3360 1 50151877 -84.510869 39.103039
2940 1 50156840 -84.510869 39.103039
2880 1 50162382 -84.510869 39.103039
3210 1 50162391 -84.510869 39.103039
2820 1 50162415 -84.510869 39.103039
3120 1 50162423 -84.510869 39.103039
3390 1 50162427 -84.510869 39.103039
2520 1 50349583 -84.507923 39.105133
5100 0 50378325 -84.507923 39.105133
11160 2 50763105 -84.51389 39.10641
6780 2 50891191 -84.508378 39.1016
4440 1 50900458 -84.512663 39.099328
4590 1 50903997 -84.513668 39.106078
4380 1 50970627 -84.511372 39.107116
7320 1 51089296 -84.513668 39.106078
7470 2 51089372 -84.513668 39.106078
3450 1 51610283 -84.512663 39.099328
6450 1 51637332 -84.513668 39.106078
8010 2 51666120 -84.513279 39.106586
4260 2 51751262 -84.512633 39.103949
2000 2 51793657 -84.513598 39.099504
2750 2 51834704 -84.512069 39.100222
4800 1 51838738 -84.507923 39.105133
3840 2 52000574 -84.510995 39.105519
2250 1 52250267 -84.51337 39.10339
2610 1 52379265 -84.51337 39.10339
1775 1 52610993 -84.510412 39.105381
875 0 52621540 -84.516706 39.111804
895 1 52621541 -84.516706 39.111804
900 1 51992001 -84.515109 39.115754
1246 1 51416792 -84.51402 39.110772
1325 1 52045035 -84.520085 39.114772
1100 1 51955486 -84.514289 39.111998
1650 1 34016176 -84.519482 39.112536
5640 2 48516610 -84.51622 39.11154
3240 1 49204027 -84.519431 39.112495
3870 1 49239915 -84.519069 39.110965
3750 1 49242773 -84.515674 39.11085
2910 1 49249134 -84.519431 39.112495
2310 1 49311913 -84.519431 39.112495
2490 1 49372164 -84.518312 39.113228
2520 2 49413206 -84.517723 39.112339
3870 1 49413960 -84.517822 39.1115
4860 1 49501806 -84.519777 39.112395
10320 2 49561467 -84.517123 39.112042
9270 2 49568994 -84.517123 39.112042
2550 1 49621270 -84.51919 39.11359
4980 1 49644144 -84.516627 39.110464
5190 1 49694076 -84.515674 39.11085
5370 2 49708685 -84.516206 39.111561
7620 1 50128361 -84.52004 39.11267
1450 2 50240538 -84.515008 39.116728
1595 1 50381319 -84.515943 39.111821
1650 1 50526368 -84.516957 39.111269
3990 1 50899813 -84.520044 39.116636
2970 1 50899814 -84.518655 39.115165
4020 1 50899815 -84.520044 39.116636
4080 1 50899836 -84.520044 39.116636
4470 2 50910213 -84.519777 39.112395
3300 1 50910214 -84.516748 39.112009
4020 1 50931793 -84.519777 39.112395
5250 2 50993752 -84.517147 39.115877
6120 2 51005342 -84.517374 39.11171
5700 2 51005344 -84.517916 39.110501
3210 1 51011604 -84.516748 39.112009
5550 1 51011606 -84.515584 39.110634
3150 1 51011609 -84.516748 39.112009
4410 1 51074449 -84.517109 39.111712
4080 1 51074515 -84.520044 39.116636
6360 2 51074519 -84.518655 39.115165
3030 1 51074520 -84.518655 39.115165
5550 2 51074522 -84.520044 39.116636
2730 1 51074669 -84.520044 39.112668
4500 1 51087005 -84.519421 39.11553
3180 1 51087765 -84.516748 39.112009
3120 1 51087914 -84.516748 39.112009
4800 1 51090634 -84.518268 39.116847
5160 1 51603662 -84.518489 39.112162
4320 1 51607533 -84.516927 39.111629
15870 4 51607764 -84.518655 39.115165
6540 2 51607766 -84.518655 39.115165
5370 2 51607816 -84.518013 39.110903
13650 4 51607818 -84.517871 39.111
72780 8 51607820 -84.520044 39.116636
6810 1 51637237 -84.515674 39.110973
7380 2 51637244 -84.519431 39.112495
3420 1 51637334 -84.516748 39.112009
5550 1 51637530 -84.519777 39.112395
4350 1 51644171 -84.515753 39.111068
3300 1 51644814 -84.519431 39.112495
2940 1 51655508 -84.516748 39.112009
5880 1 51691746 -84.51945 39.112547
2100 2 51714653 -84.514877 39.111133
2400 2 51754454 -84.515012 39.110474
5040 1 51827062 -84.519777 39.112395
5190 2 51832944 -84.519851 39.111053
3750 1 52148762 -84.517205 39.113009
5520 2 52232136 -84.517504 39.11338
3150 2 52287787 -84.516206 39.111561
2970 1 52353175 -84.518477 39.110891
5790 2 52485996 -84.519046 39.112302
1853 1 52636572 -84.519668 39.112454
1150 1 52521893 -84.513686 39.115495
1475 1 52495240 -84.508105 39.109349
1465 2 52385471 -84.513412 39.108306
1095 1 52385052 -84.512897 39.111484
1455 2 51957277 -84.513706 39.11159
1600 3 51953139 -84.512228 39.110395
990 1 52044389 -84.512298 39.110698
1480 3 51953900 -84.513714 39.111811
825 1 51953957 -84.509194 39.112728
1015 0 52044136 -84.512176 39.110189
1830 1 49207665 -84.513236 39.11638
2790 1 49213079 -84.510421 39.111547
3300 1 49240263 -84.511762 39.110772
2310 1 49311889 -84.513069 39.114925
3840 2 49356622 -84.510421 39.111547
3960 2 49439133 -84.511795 39.116831
3163 2 49512883 -84.510773 39.112746
4350 2 49516108 -84.511762 39.110772
5850 3 49575510 -84.510857 39.112187
4290 2 49606038 -84.511762 39.110772
2200 0 49926187 -84.509684 39.109952
4230 1 50791427 -84.510381 39.117583
6750 2 50890271 -84.511109 39.115244
4770 2 50899118 -84.512598 39.110821
2820 0 50899812 -84.512896 39.109832
3750 2 50899818 -84.508465 39.110376
2640 1 50899824 -84.508465 39.110376
12840 5 50899826 -84.51213 39.110017
13260 5 50899831 -84.51213 39.110017
9450 3 50899841 -84.508465 39.110376
6540 1 50903719 -84.513609 39.109199
2820 1 50914909 -84.511723 39.112495
3540 1 50914913 -84.511862 39.112197
3780 1 51005211 -84.507953 39.112712
2250 2 51058084 -84.512247 39.114175
5640 3 51074450 -84.508378 39.11059
3570 1 51074455 -84.510565 39.112586
2250 1 51074502 -84.508378 39.11059
3870 2 51127795 -84.511109 39.115244
4170 2 51134907 -84.511913 39.112394
4440 1 51297704 -84.512995 39.112877
3030 1 51602577 -84.510047 39.113177
2820 1 51607488 -84.508378 39.11059
13020 5 51607490 -84.509619 39.112877
5820 1 51672939 -84.512404 39.109722
7978 5 51829268 -84.51213 39.110017
8698 5 51829280 -84.51213 39.110017
2997 1 51834184 -84.512844 39.10966
3390 1 51879547 -84.511812 39.112495
1800 2 52243739 -84.510674 39.113009
2100 1 52314949 -84.511511 39.113309
3000 1 52363120 -84.513828 39.112965
3780 1 52442938 -84.512003 39.110992
3840 2 52489941 -84.513844 39.112269
896 2 52596870 -84.531937 39.122946
795 1 51994573 -84.512795 39.122499
775 0 51990748 -84.5112 39.1282
999 1 52522382 -84.512447 39.119439
1375 4 51979290 -84.530352 39.130449
800 0 46278407 -84.5261791 39.1365533
1375 2 52279952 -84.522818 39.124733
1350 2 51962201 -84.524529 39.136922
1511 1 30689024 -84.509171 39.124297
995 1 51959771 -84.526587 39.135192
995 1 52369811 -84.522867 39.134734
1895 3 52547427 -84.519838 39.126632
765 1 51957176 -84.528412 39.134945
1325 2 51954258 -84.52401 39.134723
975 1 36583918 -84.523287 39.133351
875 1 52028477 -84.526947 39.128856
3200 5 46622758 -84.517748 39.122271
1600 3 48062906 -84.524555 39.123881
1100 2 48063186 -84.524555 39.123881
1095 2 48222291 -84.51319 39.126879
3240 1 49513511 -84.526059 39.120999
2970 2 49554157 -84.527632 39.122179
4230 1 49630946 -84.527632 39.122179
1830 1 50899823 -84.532192 39.125802
1830 1 50899834 -84.532192 39.125802
2010 1 50899840 -84.532192 39.125802
595 0 50950817 -84.521218 39.118973
1830 1 51005352 -84.532192 39.125802
6300 2 51009848 -84.524529 39.125185
1800 1 51074458 -84.524174 39.124271
8430 2 51080740 -84.524529 39.125185
13350 4 51088297 -84.524529 39.125185
1195 2 51228528 -84.529676 39.136128
5700 1 51620539 -84.524529 39.125185
19830 5 51638052 -84.524529 39.125185
3300 1 51720219 -84.510525 39.125856
10470 2 51805346 -84.52449 39.12519
2000 3 52096711 -84.523383 39.127271
1200 1 52096712 -84.523841 39.127329
2000 4 52096713 -84.528037 39.127355
1250 2 52099863 -84.523841 39.127329
4200 1 52150565 -84.527035 39.11956
800 1 52536900 -84.529676 39.136128
750 1 48122546 -84.4940645 39.0123462
850 2 48306025 -84.4940645 39.0123462
1500 2 36054093 -84.439484 39.016214
1795 2 48581228 -84.478638 39.057431
3780 2 51638057 -84.450194 39.038421
3960 2 51638065 -84.45031 39.038361
2700 2 52307300 -84.45031 39.038361
2700 2 52307335 -84.450194 39.038421
1200 2 52342682 -84.436408 39.021419
1353 1 52181262 -84.494694 39.093699
1650 0 52037206 -84.492694 39.095688
1750 3 52410455 -84.490178 39.093924
2218 1 51306589 -84.494332 39.095851
30630 4 45903796 -84.50674 39.08786
1770 1 49194982 -84.502828 39.074783
2670 2 49242010 -84.490929 39.085192
2790 2 49412157 -84.488336 39.088877
5670 2 49441458 -84.492929 39.090515
3570 0 49441597 -84.492929 39.090515
1620 1 49470503 -84.507441 39.084921
4200 1 49530966 -84.506772 39.087907
4170 1 49562583 -84.506772 39.087907
4200 1 49568884 -84.506772 39.087907
3330 1 49570769 -84.492929 39.090515
5520 1 49575431 -84.506772 39.087907
3360 1 49589961 -84.492929 39.090515
3810 0 49591763 -84.492929 39.090515
4830 1 49597788 -84.505514 39.086666
2790 1 49712905 -84.477444 39.094931
4590 2 50197216 -84.506923 39.085373
3750 2 50360369 -84.506923 39.085373
2490 1 51005364 -84.506576 39.085897
1095 1 51013065 -84.507079 39.085861
3480 1 51090410 -84.507476 39.087153
1400 1 51169314 -84.493288 39.088877
3000 2 51776910 -84.505521 39.089919
1300 2 52191535 -84.462162 39.087542
1150 1 52204248 -84.461773 39.07624
2500 4 52223874 -84.492937 39.08541
1950 1 52297895 -84.475282 39.072509
1050 2 52317729 -84.4838551 39.0815757
2310 0 52542792 -84.475282 39.072509
950 1 52595815 -84.48816 39.090578
1375 0 40379873 -84.507431 39.104307
850 1 52385100 -84.504549 39.113473
980 0 52428710 -84.505643 39.110561
950 1 48184272 -84.507414 39.1112
8820 3 49311619 -84.506549 39.110106
4530 1 49564090 -84.506335 39.101362
4980 1 49600198 -84.506476 39.100096
20970 2 49670164 -84.497432 39.106689
11970 1 49671660 -84.497432 39.106689
8970 1 49681447 -84.496748 39.107119
6030 2 49683023 -84.497 39.110042
5970 1 49700670 -84.484959 39.105116
3870 2 49722613 -84.496248 39.108594
2130 1 50356197 -84.506676 39.116924
1980 1 50885568 -84.507549 39.105803
3810 2 51005910 -84.497794 39.108522
4560 1 51031182 -84.506549 39.110106
3210 1 51074447 -84.49282 39.109479
2490 1 51123261 -84.484077 39.104378
12330 4 51130058 -84.505696 39.112523
4950 2 51134901 -84.496585 39.107795
1475 2 51327712 -84.482943 39.106078
3750 1 51689570 -84.496585 39.107795
3390 1 51689579 -84.49647 39.107782
3118 2 51722451 -84.494178 39.10921
6300 2 51722476 -84.494178 39.10921
2190 1 51727355 -84.490554 39.117182
15330 4 51752375 -84.506549 39.110106
4080 2 51863651 -84.49621 39.108822
6450 2 52147166 -84.494181 39.110228
3960 2 52191896 -84.491178 39.100116
2670 1 52377061 -84.501194 39.109449
1675 1 52398046 -84.482943 39.106078
6360 2 52487601 -84.505874 39.110764
6000 1 52489734 -84.496738 39.103575
950 1 52546304 -84.507422 39.111251
1050 0 52471636 -84.505216 39.124167
850 2 52419876 -84.485683 39.132622
950 0 51990728 -84.502521 39.124058
1400 1 50726610 -84.49535 39.126437
625 0 52385310 -84.485792 39.121762
1499 2 52512802 -84.484386 39.120302
900 2 52521940 -84.502923 39.127975
3390 1 48008683 -84.50233 39.12715
5040 2 48403402 -84.50721 39.13005
5340 2 48403403 -84.50721 39.13005
5340 2 48403404 -84.50721 39.13005
5040 2 48571462 -84.50721 39.13005
1499 2 48636512 -84.483423 39.120444
1100 1 48678120 -84.489672 39.121402
2400 1 49190277 -84.49811 39.125927
2970 1 49190377 -84.501178 39.125031
2550 1 49227570 -84.500364 39.126138
2670 1 49231535 -84.503487 39.128837
2670 1 49231538 -84.503796 39.128467
2400 1 49231559 -84.502476 39.12741
2100 1 49231626 -84.502772 39.130169
2670 1 49231661 -84.499889 39.125548
2670 1 49240755 -84.500455 39.129655
2670 1 49240905 -84.504457 39.126319
2670 1 49242502 -84.505171 39.126626
2550 1 49242551 -84.497986 39.127547
3720 1 49260479 -84.50293 39.118362
7470 3 49361995 -84.483298 39.12352
7470 3 49392456 -84.483298 39.12352
4860 2 49411226 -84.5072 39.130086
3090 1 49491653 -84.491653 39.118743
6300 2 49593711 -84.485881 39.121867
6300 1 49593797 -84.485881 39.121867
6810 2 49593867 -84.485881 39.121867
5280 2 49619860 -84.506443 39.128396
5880 2 49620429 -84.5072 39.130086
5490 2 49620442 -84.5072 39.130086
2310 1 49626049 -84.487868 39.122975
8340 3 49671599 -84.494509 39.126032
5220 2 49671603 -84.494509 39.126032
1800 1 49698940 -84.489258 39.118973
4710 2 49705384 -84.507338 39.121032
1980 1 50195640 -84.500089 39.118841
4830 1 50331068 -84.48391 39.12764
2340 1 50359970 -84.490405 39.1192
1400 2 50687054 -84.488807 39.132427
1350 1 50725869 -84.4869 39.1274
6090 3 50787164 -84.49604 39.130224
1800 0 50789552 -84.483881 39.127999
4860 2 50808273 -84.483783 39.127733
4800 2 50808274 -84.483783 39.127733
3390 1 50828339 -84.491653 39.118743
2160 2 50876959 -84.483783 39.127733
6300 4 50880025 -84.502322 39.128234
2400 1 50883197 -84.491662 39.11853
4110 1 50892023 -84.483783 39.127733
3960 1 50892025 -84.483783 39.127733
3960 1 50892508 -84.483783 39.127733
3960 1 50925575 -84.483783 39.127733
1800 0 50971791 -84.483881 39.127999
2160 0 50971792 -84.483881 39.127999
5910 3 50988080 -84.495629 39.123894
1950 1 51021910 -84.489778 39.118606
3810 1 51025817 -84.483783 39.127733
1800 0 51044561 -84.483881 39.127999
3870 1 51065414 -84.483783 39.127733
3390 5 51220643 -84.492183 39.128874
3480 1 51604918 -84.491662 39.11853
2010 1 51676374 -84.503308 39.125123
1620 1 51797021 -84.50286 39.12097
1440 1 51921346 -84.502879 39.120963
4050 1 51999106 -84.485943 39.124946
1095 2 52063688 -84.505939 39.122718
1800 0 52081680 -84.483881 39.127999
1300 3 52119092 -84.506049 39.127775
1499 2 52510938 -84.4869 39.1274
1595 2 51988556 -84.474673 39.126733
1050 2 52192834 -84.478582 39.137309
1100 2 52494331 -84.473997 39.134936
995 1 51973572 -84.461234 39.134033
995 2 51966617 -84.469286 39.137434
989 1 21596487 -84.477187 39.109319
4170 1 45901464 -84.47842 39.13078
5910 1 48894410 -84.47791 39.12694
3990 1 49589143 -84.478246 39.130869
4980 1 50885348 -84.477983 39.126901
4080 2 51011201 -84.479852 39.104519
4800 2 51134738 -84.481858 39.099126
4500 3 51223979 -84.478241 39.135791
1500 2 51591417 -84.458245 39.1352568
6720 1 51788223 -84.47631 39.12616
8130 4 51788224 -84.47631 39.12616
850 1 51910951 -84.463773 39.13657
1500 4 51910956 -84.463789 39.136782
1395 1 51928613 -84.481252 39.110579
1695 2 51928614 -84.481252 39.110579
4440 3 52000588 -84.475268 39.128626
1850 2 52116015 -84.45819 39.135323
2100 1 52300185 -84.477983 39.126901
2250 1 52309060 -84.478246 39.130869
1125 1 52493476 -84.474802 39.111942
1350 2 51983825 -84.434192 39.126113
1000 1 52036203 -84.434713 39.125361
1045 1 51966171 -84.452766 39.088742
1200 2 52035720 -84.42628 39.137622
1325 2 48439493 -84.447291 39.077163
1225 2 48439495 -84.448818 39.070291
1495 2 48442467 -84.447679 39.070729
3930 2 49601133 -84.42642 39.136734
4200 1 50832977 -84.415284 39.130086
7770 3 51011603 -84.424332 39.126185
5550 2 51219365 -84.437175 39.130048
825 1 51787606 -84.414428 39.124082
4020 1 51831897 -84.445776 39.116939
5460 4 51861366 -84.426248 39.136752
850 1 51910963 -84.433227 39.134541
4200 3 52012955 -84.43936 39.120759
855 2 52425302 -84.435023 39.116793
2250 3 52458272 -84.440664 39.121122
