725 1 51434896 -84.070252 38.963493
849 2 51162647 -83.767261 38.671344
729 2 50616126 -83.838838 38.729996
1918 1 45813643 -84.01205 38.40811
2250 1 49226992 -83.764299 38.647934
3900 1 49234660 -83.766635 38.648056
3270 0 49383633 -84.008694 38.774502
2100 2 49494144 -83.727476 38.636845
3750 1 49701270 -83.75421 38.642615
2100 2 50829813 -83.727888 38.633662
1980 2 50931178 -83.754673 38.642538
5640 3 50951236 -84.278873 38.953169
4050 3 50972770 -83.766934 38.649523
2910 1 50988018 -84.332848 38.666627
925 1 51066270 -84.283602 38.951437
849 2 51160097 -83.767154 38.671709
2100 1 51244209 -83.768424 38.649593
1980 2 51319268 -83.762797 38.646409
2700 1 51676740 -83.764679 38.645544
2700 2 51727653 -83.764114 38.645671
825 1 51921660 -84.284225 38.951441
2400 1 52299485 -84.008694 38.774502
1950 1 52303053 -84.332848 38.666627
