1495 3 52290692 -85.246653 38.216426
1199 1 49841561 -85.497104 38.28325
1001 3 52620339 -85.242209 38.207852
1025 2 52076794 -85.38232 38.411566
925 2 52076795 -85.38232 38.411566
1196 1 41799229 -85.5157 38.2472
1269 1 48912578 -85.4953 38.2789
1783 1 45813642 -85.14087 38.66341
900 2 47192520 -85.382896 38.411249
6750 1 48604984 -85.21917 38.21102
8310 2 49210359 -85.216132 38.210926
2880 2 49414081 -85.202024 38.21275
27690 5 49419651 -85.214777 38.211839
3120 2 49423226 -85.200285 38.214619
5850 2 49474493 -85.230108 38.20829
2940 1 49517060 -85.436316 38.314528
12210 1 49625867 -85.207433 38.209703
5190 1 49634941 -85.21869 38.213152
4770 1 49635129 -85.216606 38.212053
3120 2 49688527 -85.378544 38.735745
27090 5 49727406 -85.216079 38.210923
3750 0 50353314 -85.36027 38.490968
3090 3 51602021 -85.375038 38.411323
7500 2 51858009 -85.230673 38.213791
900 2 52074440 -85.38276 38.411284
2820 1 52126794 -85.174394 38.43775
3500 2 52138188 -85.224102 38.211572
3750 2 52138189 -85.224829 38.211839
1400 2 52235208 -85.358891 38.214757
2700 1 52309024 -85.436316 38.314528
1770 1 52442410 -85.461901 38.166639
2700 1 52486559 -85.392016 38.737152
1001 3 52622444 -85.2423976 38.2077679
1125 2 52288172 -84.55994 38.213347
825 2 51991106 -84.822058 38.225579
1850 3 51990128 -84.580199 38.195783
990 2 50587666 -84.5592 38.2224
1180 3 50587667 -84.5592 38.2224
1070 2 47912591 -84.537384 38.212196
1320 3 47912590 -84.537384 38.212196
975 2 52634985 -84.834593 38.184326
600 1 51952580 -84.874151 38.193949
1225 2 33797174 -84.562318 38.199526
925 2 44361735 -84.576219 38.20864
925 2 44517957 -84.5591 38.2224
3900 1 45649974 -84.56077 38.63784
3540 1 45649975 -84.56077 38.63784
4080 1 45650282 -84.55901 38.20967
7200 2 47028631 -84.56077 38.63784
9420 2 47377300 -84.55901 38.20968
1080 3 47553749 -84.962123 38.711098
1070 1 47621063 -84.5645 38.2364
5610 0 49190190 -84.558968 38.209731
4920 2 49200712 -84.558968 38.209731
3450 1 49205361 -84.87819 38.19827
2700 1 49212660 -84.878179 38.198394
1650 1 49231173 -84.890249 38.181536
4080 2 49251554 -84.559107 38.214873
3300 0 49373202 -84.560762 38.637837
3840 1 49375202 -84.560762 38.637837
3540 1 49392965 -84.665023 38.211306
4500 1 49428496 -84.558242 38.209934
1800 1 49461927 -84.883002 38.179879
1650 1 49478758 -84.88487 38.186778
3450 2 49485042 -84.573752 38.632038
3450 2 49485078 -84.573752 38.632038
8550 2 49570770 -84.88682 38.198973
6150 2 49588246 -84.663662 38.209468
6150 2 49588252 -84.656663 38.212595
6150 2 49588254 -84.659255 38.208768
6150 2 49588269 -84.664598 38.211144
6150 2 49588273 -84.663199 38.213999
6150 2 49588286 -84.654282 38.210321
6150 2 49590098 -84.665518 38.212598
6150 2 49590145 -84.657383 38.210985
3750 2 49592360 -84.55905 38.636483
3300 1 49592690 -84.55905 38.636483
2460 1 49595175 -84.678827 38.30967
2220 1 49608980 -84.888699 38.181939
3270 1 49620943 -84.873052 38.1927
2850 1 49648281 -84.55905 38.636483
2850 1 49648526 -84.55905 38.636483
2850 1 49648531 -84.55905 38.636483
2850 1 49648540 -84.55905 38.636483
4050 2 49651353 -84.560762 38.637837
3390 1 49724161 -84.874266 38.201055
6150 2 49800334 -84.653948 38.210427
4290 2 50188976 -84.615557 38.675464
700 1 50646217 -84.871008 38.191481
5250 2 50801346 -84.545481 38.209433
4050 1 50802237 -84.877517 38.198171
2850 1 50886895 -84.554144 38.204852
1950 1 50904258 -84.889684 38.186915
2850 1 51021907 -84.55076 38.207394
3750 2 51059360 -84.552713 38.208122
4200 2 51090598 -84.874478 38.190374
4440 2 51090615 -84.873549 38.194481
3090 2 51125876 -84.560304 38.207122
1950 1 51126111 -84.887247 38.183058
4740 2 51173144 -84.56034 38.20708
1800 1 51662373 -84.887247 38.183058
3750 2 52009222 -84.591318 38.680309
845 2 52195578 -84.87775 38.20395
7230 3 52199172 -84.56147 38.20852
1400 4 52220128 -84.8840883 38.1726917
2250 2 52294559 -84.558968 38.209731
3300 1 52299603 -84.560762 38.637837
2700 1 52299763 -84.560762 38.637837
2550 1 52302329 -84.558968 38.209731
3000 1 52304850 -84.560762 38.637837
4500 4 52481999 -84.555044 38.637718
1700 3 52527650 -84.882669 38.194994
4050 1 52631964 -84.877536 38.199367
850 1 52635832 -84.870212 38.200908
650 1 52638838 -84.841765 38.210654
