700 1 52078086 -86.511372 40.285661
800 1 52057223 -86.464181 40.033086
950 2 52057225 -86.464181 40.033086
675 1 52047031 -86.487881 40.28803
525 2 52730306 -86.517312 40.281299
800 1 51958081 -86.466635 40.046798
620 1 52103291 -86.505441 40.278568
695 2 52103316 -86.516279 40.280815
525 1 51961591 -86.517157 40.281284
525 1 51961581 -86.507501 40.285201
725 1 49787788 -86.503906 40.280414
4050 3 51057191 -86.469516 40.047824
3270 2 51637647 -86.465901 39.866383
3600 2 51667112 -86.467435 39.861445
3600 2 51740139 -86.460803 39.864018
2700 1 51740146 -86.468119 39.865962
1200 2 51766110 -86.460007 40.048282
1200 2 52511822 -86.467783 40.045947
1530 1 52655777 -86.6061 40.128402
715 0 52057214 -86.3405 39.822678
724 1 51453630 -86.323575 39.776161
1219 1 51449847 -86.35249 39.792373
1629 3 51449852 -86.35249 39.792373
2299 3 51990651 -86.372725 39.792531
1322 1 50289076 -86.3493 39.9977
1189 1 46902811 -86.298032 39.812462
1485 1 46565314 -86.338979 39.793183
1410 0 46417018 -86.397232 39.848082
1190 1 44978704 -86.378097 39.852064
1125 2 51959042 -86.388919 39.848159
1215 1 45813667 -86.33674 39.77397
2880 1 52276908 -86.351514 39.935886
1739 1 52624655 -86.298032 39.812462
2343 2 52626606 -86.333669 39.948187
1350 2 52651771 -86.390505 39.853081
2520 1 52685656 -86.359619 39.956011
1903 1 52727887 -86.3971 39.8453
843 1 51423575 -86.258189 39.817068
1245 3 51423577 -86.258189 39.817068
766 1 51423551 -86.255271 39.773161
1135 3 51423553 -86.255271 39.773161
750 1 51423475 -86.233209 39.818329
1070 1 51420417 -86.279652 39.851504
791 1 51414975 -86.241559 39.872824
1011 2 51414976 -86.241559 39.872824
795 1 51989058 -86.242018 39.858589
785 1 47240000 -86.239673 39.858699
800 0 51974883 -86.271849 39.820364
600 0 52045011 -86.24725 39.779279
1600 1 51306286 -86.286269 39.834191
1008 1 51970626 -86.265716 39.801857
768 0 51963117 -86.244047 39.84552
1008 2 51963118 -86.244047 39.84552
1005 1 49997808 -86.287696 39.824467
750 1 51961275 -86.264539 39.801402
625 1 36526333 -86.241761 39.78171
3600 2 50049331 -86.294526 39.838734
4740 2 50801899 -86.274029 39.783525
7560 3 50802183 -86.29635 39.807214
3300 2 50812779 -86.288973 39.828838
1150 2 51847358 -86.289126 39.83413
800 1 51875760 -86.233456 39.775357
1950 1 52367640 -86.233994 39.85585
1700 3 52706222 -86.241761 39.868929
800 0 52493799 -86.214974 39.785134
700 1 52429824 -86.209996 39.785611
907 2 51423546 -86.204727 39.803999
760 1 52337757 -86.199148 39.786453
825 3 35997920 -86.205622 39.786799
775 2 36587503 -86.220451 39.777046
675 2 38624630 -86.224298 39.776968
850 3 38851426 -86.218668 39.774752
675 3 40238148 -86.209319 39.77776
895 4 41896619 -86.211857 39.773852
750 2 49097200 -86.214062 39.779426
675 2 50178510 -86.207457 39.78192
1080 1 51676265 -86.195171 39.769261
4980 1 52250464 -86.19654 39.7816
2000 3 52257577 -86.2123 39.7879
4980 3 52350173 -86.19654 39.7816
895 4 52403557 -86.204105 39.777982
3000 3 52646596 -86.194532 39.78053
1000 3 52677430 -86.195132 39.776794
1029 0 52175639 -86.190949 39.782839
1008 0 52163728 -86.189466 39.774161
1799 1 49859634 -86.160376 39.768616
2200 2 48568370 -86.164321 39.779029
1195 1 48568364 -86.164321 39.779029
1699 2 51953814 -86.162906 39.775432
1475 0 47757020 -86.158472 39.770349
1500 1 46254193 -86.17486 39.781039
1700 2 52118253 -86.168296 39.78428
1777 1 43233787 -86.166578 39.777265
1799 1 50572140 -86.160259 39.768181
1549 1 41052717 -86.165592 39.771887
1219 1 41052724 -86.165592 39.771887
1280 1 51566146 -86.163618 39.774787
690 0 51953095 -86.158137 39.785478
1027 1 51952510 -86.189226 39.787626
10590 2 45650494 -86.1605 39.7682
1710 1 45650497 -86.1621 39.7785
2085 1 45650521 -86.16047 39.76815
2787 2 45650522 -86.16047 39.76815
3128 2 45650523 -86.16047 39.76815
2730 2 45650524 -86.16039 39.76824
3020 2 45650526 -86.16039 39.76824
2730 2 45650527 -86.16039 39.76824
2745 2 45650528 -86.16039 39.76824
2730 2 45650529 -86.16039 39.76824
6099 4 45650530 -86.16039 39.76824
5355 4 45650531 -86.16039 39.76824
12420 2 47924347 -86.16027 39.76818
16650 4 47924348 -86.16027 39.76818
12420 2 48792178 -86.16027 39.76818
9270 2 49372730 -86.160259 39.768181
8790 2 49372738 -86.160259 39.768181
8760 2 49372746 -86.160259 39.768181
6240 2 49471604 -86.160259 39.768181
5070 2 49471660 -86.161362 39.768986
8160 2 49490579 -86.160259 39.768181
8580 2 49490583 -86.160259 39.768181
8730 2 49505447 -86.160259 39.768181
18390 4 49517492 -86.160259 39.768181
20430 4 49517508 -86.160259 39.768181
6180 1 49584134 -86.162107 39.7785
6420 2 49584141 -86.162107 39.7785
30000 1 49624512 -86.159399 39.772946
2832 2 49662054 -86.163504 39.76987
2544 2 49666469 -86.161725 39.768995
6000 2 49718429 -86.161152 39.779803
7470 2 50358963 -86.162062 39.779665
8910 2 50359187 -86.160259 39.768181
10620 2 50588066 -86.18952 39.77172
8010 1 50588067 -86.18952 39.77172
6210 2 50800957 -86.159198 39.778591
6000 2 50801076 -86.16437 39.778578
6090 2 50838739 -86.189536 39.77176
1450 3 50920458 -86.159826 39.799197
18270 3 50971247 -86.160259 39.768181
695 2 51185212 -86.184698 39.799774
3090 1 51228080 -86.163534 39.781611
3540 1 51667374 -86.174619 39.781942
10500 4 51713073 -86.167445 39.776621
2400 1 51713154 -86.167445 39.776621
4110 3 51730556 -86.167445 39.776621
2760 1 51745412 -86.168639 39.780507
2310 2 51748734 -86.159776 39.768051
3240 2 51752398 -86.160259 39.768181
2880 2 51752399 -86.160259 39.768181
2520 0 51752403 -86.160259 39.768181
2520 0 51752406 -86.160259 39.768181
2880 2 51752408 -86.160259 39.768181
2880 2 51752409 -86.160259 39.768181
2880 2 51752411 -86.160259 39.768181
2880 2 51752414 -86.160259 39.768181
2880 2 51752416 -86.160259 39.768181
3240 2 51752419 -86.160259 39.768181
2880 2 51752436 -86.160259 39.768181
2880 2 51752437 -86.160259 39.768181
3240 2 51752841 -86.160259 39.768181
1750 3 52396429 -86.1622 39.7812
2200 1 52728562 -86.18688 39.76761
750 1 52709929 -86.158317 39.819512
650 1 52429758 -86.187673 39.813273
975 1 52182943 -86.159885 39.800402
1795 3 52182944 -86.159885 39.800402
700 1 52124486 -86.187083 39.80116
725 1 51989370 -86.178683 39.813809
950 1 51989258 -86.18178 39.816028
995 3 52620947 -86.158837 39.820851
739 1 51978361 -86.15949 39.819112
700 1 52066746 -86.163662 39.829413
650 1 52016736 -86.178973 39.810784
1250 3 33377404 -86.165127 39.830908
700 2 48052741 -86.189016 39.812809
1499 4 48848751 -86.16237 39.817121
700 2 48873805 -86.162959 39.824534
625 1 50854374 -86.159871 39.807363
1025 3 51256967 -86.170135 39.807667
995 2 51445773 -86.159518 39.821874
675 2 51672043 -86.159871 39.807363
2970 2 51680537 -86.182205 39.811983
700 1 51793438 -86.184542 39.802999
1050 3 51804814 -86.160534 39.819512
8820 3 51996783 -86.167127 39.832692
725 1 52069517 -86.189158 39.814884
750 1 52069518 -86.189181 39.814936
2500 4 52223832 -86.1633242 39.8086422
895 2 52259041 -86.190277 39.806293
1550 3 52382407 -86.167948 39.831727
650 1 52402353 -86.162462 39.821988
1600 3 52534441 -86.189211 39.804187
1060 1 52067004 -86.1964701 39.8981944
1000 1 51980284 -86.19356 39.900288
1399 2 47559030 -86.176014 39.873129
1029 1 47295347 -86.173209 39.873709
860 1 47239971 -86.197881 39.886055
625 0 47239918 -86.196285 39.884725
1040 1 40300030 -86.183037 39.865139
1000 2 52205518 -86.194504 39.850269
804 1 52254776 -86.194504 39.850269
2850 3 49429435 -86.177879 39.873694
2250 2 51582454 -86.179063 39.867811
3000 1 51684875 -86.225982 39.900014
2650 4 51961659 -86.167445 39.835492
3390 3 52626468 -86.194953 39.837333
1749 1 52626616 -86.173209 39.873709
1500 2 52732421 -86.160816 39.843303
1248 1 52181253 -86.277633 39.953388
1230 1 52163515 -86.1865 40.0006
1450 2 52163521 -86.1865 40.0006
1230 1 52163522 -86.1865 40.0006
1450 2 52163523 -86.1865 40.0006
1789 1 52625085 -86.200895 39.91479
835 0 51414979 -86.187915 39.923748
934 2 51414980 -86.187915 39.923748
976 1 49542734 -86.205616 39.908649
1387 3 49542739 -86.205616 39.908649
990 1 51980707 -86.185972 39.909479
1699 2 47959477 -86.2542 39.9947
1110 1 50296005 -86.1683 40.0179
1355 1 43250113 -86.209433 39.914292
1374 3 43250112 -86.204087 39.914968
1003 1 43250108 -86.204087 39.914968
1455 2 52247932 -86.201927 39.905567
1185 1 38831894 -86.279993 39.948168
1807 0 32203896 -86.26776 39.908916
1350 0 30140669 -86.230559 39.921664
1411 0 30083186 -86.224695 39.917985
1259 2 50573084 -86.193359 39.913286
1399 1 52194230 -86.242514 39.947851
1021 1 52153627 -86.225533 39.909964
7470 2 50902860 -86.160979 39.903899
3900 3 50914475 -86.293381 40.008243
13080 1 51593651 -86.195915 39.974095
2700 1 51745304 -86.275932 39.953555
1495 2 52080573 -86.202033 39.925471
1475 1 52106578 -86.1969216005713 39.9738908280888
1350 2 52512026 -86.221815 39.91279
2910 1 52648443 -86.21532 40.133734
2275 3 52731967 -86.195637 40.035126
