1550 1 51037978 -72.076475 41.34267
1350 3 50569575 -72.055337 41.566362
1615 1 37430774 -72.072616 41.359069
1635 2 43388385 -72.063393 41.354607
1499 3 40783449 -72.0810496 41.5255507
15810 2 48324376 -72.07785 41.51071
17070 2 49197880 -71.857896 41.30934
11430 3 49205444 -71.906149 41.330392
15750 1 49228909 -71.939286 41.070193
5010 1 49231311 -71.964943 41.354955
19800 2 49272898 -71.96345 41.35677
10410 2 49305068 -71.952453 41.048004
7500 0 49309493 -71.970182 41.360571
10350 1 49315318 -71.956401 41.047283
7500 2 49360076 -71.972237 41.355127
9210 1 49391693 -71.906149 41.330392
9000 0 49391768 -71.965655 41.346733
6240 1 49392323 -71.943466 41.074808
3780 3 49409514 -72.07563 41.521318
4650 3 49409668 -71.993722 41.486033
5430 3 49409675 -71.993551 41.488108
4530 1 49420577 -71.962069 41.355766
6300 0 49422955 -71.943466 41.074808
6480 1 49425970 -71.980221 41.343987
6000 1 49428459 -71.970752 41.356758
9270 1 49469498 -71.949565 41.048379
10050 1 49483565 -71.953526 41.049151
14250 1 49514003 -71.956838 41.046165
5010 2 49519251 -71.960521 41.360654
6960 2 49534039 -71.972384 41.352229
6300 2 49535279 -71.972391 41.352011
5130 0 49535691 -71.972384 41.352099
37980 2 49547374 -71.857896 41.30934
3750 1 49571456 -71.810739 41.326583
5670 0 49573454 -71.810886 41.326303
2190 1 49583237 -72.077363 41.350097
15720 1 49594539 -71.959432 41.046956
8550 2 49599396 -72.078049 41.510206
6990 2 49599691 -71.97652 41.348947
5910 1 49605169 -71.987191 41.338066
5280 2 49607213 -71.966286 41.361548
3480 0 49639292 -71.952453 41.048004
6000 1 49647275 -71.971065 41.355244
6570 3 49665545 -72.065642 41.331546
8850 2 49689657 -71.947644 41.339848
8550 3 49694167 -71.904921 41.335507
18540 0 49697026 -71.845322 41.317221
11520 2 49701384 -71.949554 41.343923
8850 2 49701415 -71.951868 41.347739
4410 2 49710170 -71.961431 41.365158
16500 3 49710892 -71.957634 41.348735
4410 2 49711929 -71.966002 41.363062
30000 2 49730227 -71.85785 41.309446
19350 1 50143310 -71.956401 41.047283
14490 1 50170811 -71.956401 41.047283
10650 2 50220237 -71.9638 41.35486
6000 1 50570963 -71.810739 41.326583
1400 4 50634597 -72.0574585 41.534258
1400 4 50715647 -72.0574585 41.534258
3810 1 50725265 -72.07806 41.34837
5820 2 50763416 -72.07806 41.34837
8040 1 50786800 -71.905593 41.328007
14850 0 50792484 -71.950134 41.050765
8970 2 50800449 -71.809833 41.322943
9480 1 50808147 -71.921005 41.369104
21000 3 50808351 -71.809187 41.325119
12480 1 50808503 -71.809833 41.322943
14850 2 50808508 -71.811043 41.321562
9000 1 50809968 -71.835152 41.352901
7500 2 50815774 -71.961954 41.356172
5220 1 50823187 -71.972384 41.352229
1600 0 50832107 -71.829062 41.380968
1750 3 50861289 -72.071173 41.339061
4980 2 50887994 -71.962825 41.358237
10710 2 50974525 -71.849982 41.313677
6000 2 51071676 -71.963419 41.356716
1450 1 51180100 -72.055814 41.367462
10080 1 51225189 -71.906605 41.055507
2200 3 51225673 -71.828382 41.376263
11880 1 51233408 -71.85568 41.307578
6000 1 51258874 -71.970752 41.356758
1949 1 51259384 -71.904487 41.330234
2350 2 51281554 -71.839111 41.370252
7920 1 51287919 -71.903219 41.366531
3750 1 51339385 -72.05164 41.51747
1650 3 51476265 -72.048712 41.567997
1000 2 51494659 -72.046321 41.46607
1499 3 51539094 -72.081003 41.525664
1600 3 51540448 -71.972173 41.441359
1350 2 51541322 -72.059193 41.467443
4135 4 51529784 -71.522559 41.480379
2695 3 50755035 -71.522559 41.480379
7800 1 49210830 -71.561618 41.172865
12000 1 49309936 -71.526479 41.39857
9000 2 49410549 -71.543276 41.374713
8550 1 49473230 -71.752072 41.329583
8550 1 49474610 -71.752072 41.329583
8550 1 49553648 -71.752072 41.329583
8550 1 49557248 -71.752072 41.329583
9450 1 49647901 -71.752072 41.329583
5100 2 49649393 -71.697056 41.360803
18240 2 49662753 -71.55915 41.169064
12300 2 49726545 -71.579168 41.171817
5850 2 49727587 -71.579168 41.171817
4710 1 49798592 -71.774493 41.35396
1800 3 49852325 -71.687234 41.363224
10470 1 50342655 -71.567827 41.16915
9000 1 50823399 -71.524549 41.480139
11190 2 51059840 -71.558502 41.169967
915 1 51533220 -71.984119 41.606578
1600 3 51248651 -71.697648 41.962589
1213 1 49450593 -72.038318 42.078093
1300 3 51145482 -71.910571 41.742679
1195 2 51145475 -71.9066 41.8402
1200 2 51503475 -71.9112713 41.7421414
895 1 51516514 -71.880121 41.816795
1395 3 50698020 -72.029285 42.079487
1150 1 51541747 -71.879179 42.049901
1850 1 46388426 -71.578513 41.999309
1750 1 46388430 -71.578513 41.999309
2150 2 46388438 -71.578513 41.999309
1395 2 44367322 -71.947903 41.61277
1000 1 51230110 -71.898306 41.917469
1750 2 39109925 -72.047772 41.573532
1300 2 39095216 -72.0408525 42.0811409
1900 2 47175099 -72.068363 42.094985
1200 2 48628257 -71.8704 41.7143
9480 3 49226230 -71.861642 42.045919
1125 1 50435497 -71.951015 41.788042
6000 3 50830038 -72.050772 41.583503
3600 1 50833491 -71.980198 41.611974
4350 3 50908109 -71.576417 42.005152
4380 2 50910329 -71.979065 41.61223
1655 1 50961112 -71.546814 41.696716
4500 2 51088048 -71.97685 41.613309
1750 2 51173080 -72.0481 41.5737
2100 2 51175144 -71.548324 41.873709
4000 1 51204859 -71.5278 41.5866
1200 2 51215092 -71.986035 41.604213
2200 2 51236390 -71.5244 42.0932
2000 1 51236391 -71.5244 42.0932
1500 3 51295184 -72.049517 41.593594
1600 1 51309081 -71.539553 41.991678
1750 2 51346130 -71.5672 41.875225
2200 2 51410191 -71.527467 41.687619
1500 2 51439723 -71.522785 41.993076
2200 3 51474839 -71.539457 41.991273
2000 0 51490953 -71.546732 41.998643
1750 2 51496323 -71.8748977 42.050302
2000 3 51533166 -71.523059 41.724144
1600 2 51539200 -71.889241 42.048398
1600 3 51539337 -71.867948 41.951145
875 1 51541805 -71.9606 41.5945
1750 3 51542003 -71.527632 41.700301
5580 1 49238537 -71.460718 41.426458
5970 1 49406851 -71.488099 41.449231
7650 1 49440539 -71.430312 41.505704
7500 1 49588081 -71.463404 41.432037
11100 3 49614010 -71.454782 41.417342
4410 1 50970606 -71.487672 41.439931
7470 2 51072221 -71.462993 41.430786
4800 1 48509243 -71.35643 41.46432
12870 1 49234241 -71.364297 41.501643
10320 2 49234545 -71.377508 41.488704
16500 1 49305925 -71.364297 41.501643
8700 2 49590827 -71.374902 41.499432
9000 1 49606155 -71.370725 41.496059
15030 1 49682045 -71.354455 41.46426
17970 1 50358289 -71.364297 41.501643
38970 1 50358326 -71.364297 41.501643
2650 2 50842659 -71.367493 41.496706
3630 1 51047076 -71.364297 41.501643
3630 1 51047077 -71.364297 41.501643
3630 1 51047078 -71.364297 41.501643
3630 1 51047082 -71.364297 41.501643
3570 1 51047098 -71.364297 41.501643
3630 1 51047100 -71.364297 41.501643
3630 1 51047131 -71.364297 41.501643
3630 1 51047132 -71.364297 41.501643
3630 1 51047148 -71.364297 41.501643
3570 1 51047153 -71.364297 41.501643
7230 1 49304887 -71.316739 41.467134
2100 2 51008630 -71.317948 41.471149
3000 3 51101219 -71.313689 41.467435
2100 1 51279071 -71.313689 41.467435
3200 2 51279072 -71.316886 41.472788
17550 3 50359317 -71.320155 41.488943
16860 2 50381419 -71.319489 41.489534
2300 2 50585752 -71.327798 41.48545
2800 2 50993359 -71.327796 41.485162
2500 2 51042696 -71.327575 41.486698
3500 2 49973423 -71.312833 41.476412
3750 2 45653100 -71.31379 41.4748
28020 2 45904253 -71.31394 41.47791
28020 2 45904254 -71.31404 41.47778
28020 2 45904256 -71.31431 41.47809
30900 2 45904259 -71.31413 41.47588
30900 3 45904260 -71.314 41.47608
19050 3 49189430 -71.314096 41.475868
20400 3 49189753 -71.313989 41.477726
18090 2 49189760 -71.313989 41.477726
20370 3 49190889 -71.313933 41.477909
17580 2 49195444 -71.314284 41.478087
19230 3 49204153 -71.31418 41.476625
13440 2 49238181 -71.312384 41.475198
11400 2 49239398 -71.315113 41.473433
20370 3 49243695 -71.313933 41.477909
17160 2 49243723 -71.313933 41.477909
17160 2 49303457 -71.314284 41.478087
20040 2 49305820 -71.31418 41.476625
14970 2 49461313 -71.313691 41.474802
13530 2 49481013 -71.312666 41.477726
28950 4 49511751 -71.314081 41.478408
18840 2 49512537 -71.313739 41.475246
22650 2 49606144 -71.313647 41.475368
29970 3 49660128 -71.314038 41.475246
14550 3 49719861 -71.314081 41.478408
14850 2 49728566 -71.313691 41.474802
11000 4 49944758 -71.312953 41.480586
3300 2 49944761 -71.312953 41.480586
6090 1 50355784 -71.318647 41.473693
5790 3 50733663 -71.312604 41.474868
2500 2 50814406 -71.311554 41.473884
2500 2 50883166 -71.315498 41.473829
2900 3 50883167 -71.315498 41.473829
5400 0 50890326 -71.318114 41.474638
17250 2 51056081 -71.317798 41.474551
14250 3 51066937 -71.317498 41.475763
12750 1 51090302 -71.315126 41.475993
5000 4 51324908 -71.316254 41.479087
1700 1 51324909 -71.312077 41.480142
1600 0 51324910 -71.312077 41.480142
3363 1 45813825 -71.3143 41.48636
24420 2 45904257 -71.31497 41.48812
30900 3 45904258 -71.31438 41.48218
30900 3 45904263 -71.31438 41.48369
28020 2 45904264 -71.31474 41.48366
4830 1 49199534 -71.310756 41.488336
9270 2 49266730 -71.312995 41.488659
20130 3 49304208 -71.314807 41.483716
20280 3 49304565 -71.314361 41.482236
9990 1 49304987 -71.314807 41.483716
7470 3 49305210 -71.312742 41.487995
18870 3 49312788 -71.314376 41.483926
18870 3 49391677 -71.314376 41.483926
15210 1 49392048 -71.314807 41.483716
20220 1 49405081 -71.314995 41.488142
7590 1 49420622 -71.317376 41.486603
6210 1 49420627 -71.312951 41.487424
5640 1 49420629 -71.312212 41.488572
8220 1 49420639 -71.315 41.483521
8010 1 49420640 -71.316245 41.486995
8700 1 49420642 -71.312247 41.485541
7380 1 49420650 -71.31133 41.483206
9060 1 49520283 -71.311096 41.486519
20970 2 49598684 -71.314694 41.482468
29880 2 49634095 -71.314995 41.488142
11250 2 49640661 -71.312794 41.487264
12000 5 49647566 -71.310503 41.486882
8100 1 49717807 -71.312765 41.487874
15000 4 50073821 -71.313953 41.481807
12330 1 50153106 -71.314621 41.486139
32970 1 50476959 -71.314791 41.483716
2500 2 50696383 -71.312412 41.485373
3300 2 50714540 -71.311853 41.488477
3000 4 50751850 -71.313361 41.483534
6810 1 50787909 -71.311096 41.486519
7000 1 50900355 -71.31553 41.485084
2800 4 50957371 -71.313096 41.483736
3990 1 51243341 -71.314718 41.482468
3900 1 51243436 -71.314718 41.482468
3990 1 51243438 -71.314718 41.482468
3990 1 51243440 -71.314718 41.482468
3990 1 51243472 -71.314718 41.482468
3990 1 51243500 -71.314718 41.482468
3990 1 51243502 -71.314718 41.482468
3990 1 51243508 -71.314718 41.482468
3900 1 51243511 -71.314718 41.482468
3990 1 51243513 -71.314718 41.482468
4170 1 51243517 -71.314791 41.483716
4230 1 51243537 -71.314791 41.483716
4170 1 51243546 -71.314791 41.483716
4200 1 51243580 -71.314791 41.483716
4170 1 51243586 -71.314791 41.483716
4170 1 51243619 -71.314791 41.483716
4830 2 51243664 -71.314718 41.482468
4200 1 51243787 -71.314791 41.483716
4170 1 51243789 -71.314791 41.483716
4170 1 51243791 -71.314791 41.483716
4200 1 51243826 -71.314791 41.483716
4830 2 51243835 -71.314718 41.482468
4830 2 51243846 -71.314718 41.482468
4830 2 51243848 -71.314718 41.482468
4830 2 51243859 -71.314718 41.482468
4830 2 51243863 -71.314718 41.482468
4830 2 51243893 -71.314718 41.482468
4830 2 51243896 -71.314718 41.482468
4830 2 51243900 -71.314718 41.482468
4830 2 51243904 -71.314718 41.482468
3500 1 51279084 -71.314621 41.482266
16260 2 51279722 -71.313833 41.484959
2000 1 51309075 -71.3132 41.4876
2250 2 51410188 -71.313631 41.482042
2650 2 35302703 -71.31653 41.494562
10590 2 49209833 -71.319157 41.497524
7890 2 49242728 -71.316239 41.492392
12240 1 49266441 -71.319677 41.490309
13830 2 49305344 -71.319677 41.490309
20670 2 49305654 -71.319677 41.490309
41730 4 49355987 -71.311842 41.491318
19950 2 49388448 -71.319677 41.490309
10500 1 49408201 -71.311842 41.491318
7530 1 49420633 -71.314631 41.490326
8550 2 49420659 -71.312914 41.489919
36960 4 49421982 -71.312816 41.491389
18750 2 49525923 -71.319677 41.490309
9960 3 49557292 -71.311933 41.491015
14850 2 49586974 -71.319677 41.490309
36000 5 49597265 -71.316165 41.490901
7680 2 49671064 -71.312113 41.496963
8790 2 49671073 -71.311218 41.492134
6180 1 49712590 -71.314498 41.491585
20970 2 49723911 -71.319677 41.490309
21420 1 49730076 -71.319677 41.490309
13650 2 49793050 -71.319677 41.490309
7860 1 50164065 -71.319677 41.490309
5800 2 50643539 -71.312689 41.494871
2550 3 50697161 -71.318817 41.498467
2000 1 50702850 -71.314704 41.492768
3390 1 51047959 -71.319677 41.490309
3390 1 51047960 -71.319677 41.490309
3390 1 51047961 -71.319677 41.490309
3390 1 51047963 -71.319677 41.490309
3390 1 51047966 -71.319677 41.490309
3390 1 51047968 -71.319677 41.490309
3390 1 51048103 -71.319677 41.490309
3390 1 51048104 -71.319677 41.490309
3390 1 51095390 -71.319677 41.490309
3390 1 51095435 -71.319677 41.490309
2600 3 51101222 -71.311274 41.492673
4320 2 51251431 -71.319677 41.490309
4320 2 51251437 -71.319677 41.490309
4320 2 51251439 -71.319677 41.490309
4320 2 51251441 -71.319677 41.490309
4320 2 51251445 -71.319677 41.490309
4320 2 51251449 -71.319677 41.490309
4320 2 51251453 -71.319677 41.490309
4320 2 51251463 -71.319677 41.490309
4320 2 51251475 -71.319677 41.490309
4320 2 51251503 -71.319677 41.490309
7650 1 50699040 -71.35896 41.508595
1325 1 51471075 -71.294426 41.543526
1750 2 51026764 -71.304416 41.529375
2100 2 51195005 -71.304416 41.529375
12330 3 49189899 -71.282921 41.491565
5370 1 49201787 -71.310208 41.492181
7920 3 49201902 -71.309986 41.49001
7860 1 49205805 -71.277416 41.493524
13500 2 49211662 -71.299888 41.498562
4260 1 49304298 -71.283916 41.495309
6150 2 49391880 -71.280325 41.48948
5910 2 49392298 -71.277482 41.493848
6270 1 49403604 -71.308679 41.463191
7050 0 49420626 -71.308108 41.487493
7110 1 49420634 -71.309443 41.484578
9930 2 49420647 -71.308452 41.49004
27000 3 49422220 -71.270286 41.486006
5490 2 49466411 -71.306775 41.514909
21450 2 49492469 -71.284201 41.490511
7980 2 49502079 -71.305354 41.481112
18000 3 49510239 -71.284041 41.492192
10500 1 49510522 -71.298267 41.502353
14700 1 49512435 -71.303631 41.486569
11100 0 49604518 -71.310309 41.494332
3870 1 49611734 -71.265012 41.510206
24000 3 49656848 -71.27037 41.484319
10500 1 49673872 -71.304781 41.491109
29910 2 49731666 -71.270136 41.485214
16950 4 49856479 -71.310089 41.494149
9000 1 50220462 -71.308699 41.492649
53700 8 50361893 -71.3044 41.481125
2290 2 50557197 -71.307852 41.494901
2200 2 50732688 -71.270946 41.509627
17760 4 50739686 -71.282847 41.490694
21630 4 50739722 -71.281786 41.490374
2800 1 50751849 -71.307963 41.488736
1450 0 50751852 -71.304022 41.480214
2850 3 50761548 -71.307852 41.494901
5460 1 50786673 -71.294894 41.507105
5970 2 50829641 -71.277717 41.50803
6000 2 50830965 -71.284043 41.503685
7320 1 50883314 -71.308641 41.487451
2200 2 50891269 -71.298242 41.503458
4860 2 50911410 -71.281173 41.498629
12000 2 50911926 -71.296133 41.499167
7470 2 50913167 -71.280922 41.505949
6510 3 51125259 -71.283819 41.495828
10320 5 51125284 -71.281478 41.497462
2400 2 51201030 -71.301371 41.503353
1900 1 51253767 -71.310044 41.493562
1800 1 51290656 -71.309878 41.490196
22560 3 51302025 -71.310481 41.482496
2500 2 51309074 -71.300631 41.503403
5370 2 49474707 -71.144853 41.548177
2100 2 50085997 -71.165112 41.525933
6600 2 50359716 -71.168263 41.522481
5550 1 50811946 -71.145955 41.524085
5730 1 51297676 -71.116305 41.538239
1700 1 51513400 -71.448865 41.677233
2400 0 47872889 -71.499901 41.66365
7020 2 50655688 -71.447561 41.689536
1500 1 50883168 -71.513372 41.632964
3480 1 50971599 -71.387798 41.693759
1650 2 51253772 -71.447179 41.66318
1620 1 49875586 -71.476035 41.786958
2400 0 47873194 -71.459599 41.725281
2400 0 47872888 -71.482615 41.728837
2400 0 38321358 -71.459599 41.725281
2400 0 35623259 -71.482614 41.728837
8280 4 49229503 -71.474276 41.805946
4680 2 50221960 -71.45319 41.796904
2850 1 51129876 -71.497424 41.79317
2800 4 51249201 -71.464679 41.834048
2580 2 51304797 -71.453168 41.82776
1600 2 51314579 -71.452272 41.796063
1525 2 51314779 -71.456183 41.827215
1800 3 51343112 -71.489001 41.721567
1605 1 51410195 -71.476216 41.797262
2200 3 51495354 -71.466764 41.834508
1250 2 51525670 -71.458693 41.811906
1595 3 51537160 -71.456728 41.827121
1700 2 51540052 -71.45925 41.828571
1625 2 51543249 -71.452134 41.809639
3600 1 49265736 -71.43921 41.764693
1650 3 51042694 -71.424202 41.768379
3000 1 51233976 -71.438286 41.766797
1700 2 51513399 -71.437134 41.770787
6630 2 50262557 -71.44568 41.78661
4500 1 50359722 -71.436645 41.782383
5280 2 50530281 -71.44567 41.78661
2200 3 51013587 -71.420655 41.797497
1800 2 51328970 -71.436241 41.774779
1300 1 51339571 -71.427358 41.777094
2150 2 51492188 -71.439175 41.780269
1900 3 51529731 -71.42828 41.823181
2300 3 51529730 -71.433492 41.81172
1750 1 51491839 -71.435931 41.815177
3200 3 51520887 -71.429601 41.820288
1900 2 50887802 -71.423102 41.834052
2800 4 51520886 -71.42822 41.823083
1700 1 50923388 -71.43041 41.823479
1600 3 49453012 -71.437149 41.811643
1875 3 51529735 -71.429663 41.821534
1800 2 43779305 -71.42842 41.822479
1980 2 48864826 -71.434569 41.827534
1585 1 48864825 -71.434569 41.827534
3500 2 51342749 -71.430203 41.816043
1675 2 50679434 -71.428986 41.822759
1775 4 35880009 -71.437473 41.805103
1600 3 35592248 -71.419823 41.802538
1800 3 47279445 -71.432292 41.818581
1800 1 47897164 -71.433386 41.816609
3000 3 48526676 -71.434949 41.816657
3200 4 48526682 -71.430557 41.821918
1875 3 48526702 -71.429813 41.822661
2000 3 48529629 -71.433722 41.820376
6060 1 49105920 -71.42639 41.83431
3900 3 49201471 -71.42042 41.805639
3570 1 49211008 -71.424986 41.815512
8280 2 49418257 -71.428248 41.821358
2400 1 49426147 -71.433369 41.821874
4140 3 49479017 -71.420758 41.807989
3570 1 49588397 -71.441635 41.815512
4350 1 49588520 -71.428339 41.820204
3870 2 49588527 -71.441245 41.819543
4980 1 49588538 -71.423463 41.823424
3570 1 49606811 -71.427483 41.811769
9300 3 49675723 -71.422381 41.821351
10140 4 49690827 -71.438051 41.816581
8670 3 49693381 -71.443756 41.822874
6270 3 49696870 -71.43653 41.822893
5070 0 49707814 -71.441182 41.815191
4740 0 49707825 -71.441182 41.815191
4260 0 49707828 -71.441182 41.815191
7080 2 49707851 -71.441182 41.815191
2000 1 49970601 -71.439869 41.823958
4350 1 50148989 -71.428129 41.822896
4170 3 50195651 -71.415855 41.804205
5490 2 50365028 -71.429967 41.823702
8010 3 50449570 -71.42241 41.81433
3300 7 50461633 -71.42241 41.81433
1600 2 50586221 -71.432869 41.821299
1499 3 50616871 -71.416951 41.815341
2100 2 50632429 -71.42734 41.822685
1800 3 50635488 -71.4486 41.8183
2850 1 50718807 -71.430238 41.812657
10290 3 50724842 -71.42774 41.82376
7770 2 50724843 -71.4301 41.82372
5610 1 50724844 -71.44611 41.83145
6270 3 50811273 -71.439465 41.822759
3570 2 50812759 -71.426714 41.820657
9900 2 50890067 -71.426732 41.824229
4950 1 50906876 -71.43183 41.825423
2405 3 50961117 -71.436591 41.827111
4470 1 50987007 -71.423723 41.804922
5520 3 50989709 -71.427719 41.823813
9750 3 51004443 -71.432705 41.823157
9270 4 51012843 -71.425003 41.812342
4470 1 51060514 -71.424092 41.81124
3900 1 51091114 -71.446065 41.831386
2805 3 51101230 -71.436591 41.827111
1750 3 51102080 -71.4326961 41.8168574
2200 3 51106868 -71.432875 41.814204
18000 6 51133890 -71.417504 41.813928
1800 3 51181652 -71.449687 41.82249
2000 3 51194701 -71.427796 41.822299
1500 2 51204860 -71.446898 41.832959
4110 2 51231332 -71.436857 41.827467
4950 2 51231337 -71.435666 41.826249
2000 2 51236387 -71.444999 41.807016
6000 2 51243354 -71.415786 41.825215
1400 2 51259191 -71.433075 41.820866
1399 2 51291845 -71.416951 41.815341
2100 3 51299146 -71.4269911 41.8216112
1660 1 51300254 -71.424959 41.821382
1900 4 51300375 -71.43027 41.821988
2000 3 51328876 -71.434908 41.81203
1700 2 51414295 -71.4464 41.813392
1850 1 51457800 -71.440041 41.823541
1600 2 51474451 -71.43941 41.829802
1899 1 51488089 -71.429918 41.823452
1850 1 51489509 -71.427941 41.819739
2750 2 51490974 -71.428497 41.820477
2200 2 51490977 -71.434094 41.820198
1850 1 51491303 -71.439993 41.823633
3300 2 51506538 -71.417521 41.826799
3200 4 51513587 -71.434949 41.816657
2300 4 51526882 -71.427941 41.819739
2400 3 51526885 -71.433119 41.81989
2350 1 51533509 -71.433924 41.815936
1650 2 51539368 -71.425823 41.81868
1350 1 51476134 -71.398326 41.778752
3450 3 50853994 -71.404039 41.831171
1900 3 51529734 -71.39745 41.784626
2850 2 50605513 -71.389288 41.828263
1795 0 49967603 -71.412107 41.819173
2005 1 49967602 -71.412107 41.819173
2800 2 50853990 -71.404039 41.831171
2450 1 48448935 -71.411443 41.829167
2550 2 51322087 -71.400316 41.827902
1375 0 48194392 -71.400316 41.827902
1450 1 46244032 -71.392474 41.82149
1400 2 46745976 -71.3921 41.823848
2300 3 44746455 -71.389953 41.826528
1300 2 49143536 -71.398426 41.819341
2492 1 33789416 -71.411368 41.828803
2850 2 33789420 -71.411368 41.828803
1450 2 45074656 -71.38958 41.827619
3030 1 45900075 -71.3948 41.78785
5250 2 45987328 -71.38981 41.82074
1900 1 47116788 -71.387204 41.829685
1600 1 47117280 -71.396932 41.822255
3499 3 47367393 -71.409378 41.829848
1749 1 47372502 -71.409422 41.829896
2300 2 47553789 -71.400833 41.831986
4000 4 48529622 -71.392997 41.821179
3510 3 48571421 -71.41494 41.80652
2150 1 48714785 -71.392278 41.821759
4680 3 48784641 -71.41494 41.80652
4920 3 48813078 -71.41501 41.80669
2800 3 48966070 -71.391091 41.834333
4650 2 49208800 -71.390705 41.787558
7950 0 49280362 -71.41016 41.82382
3990 3 49355914 -71.415022 41.803977
3420 1 49418235 -71.395446 41.833812
6900 2 49510644 -71.401954 41.780695
3900 2 49523498 -71.400257 41.782914
5370 2 49598830 -71.402219 41.833146
5100 2 49669809 -71.404268 41.833313
3100 2 49743669 -71.412717 41.820932
4200 3 50358147 -71.41343 41.808757
4100 3 50475258 -71.405601 41.832922
2100 2 50661018 -71.411154 41.834023
1700 0 50661019 -71.411154 41.834023
1750 1 50661021 -71.411154 41.834023
5100 3 50876345 -71.410443 41.805779
6750 2 50880820 -71.389747 41.82002
2600 2 51076859 -71.409399 41.829633
2985 1 51088206 -71.413209 41.827518
1450 1 51150392 -71.409157 41.830403
1920 1 51300249 -71.39914 41.82067
1849 2 51478638 -71.398229 41.82088
2150 1 51488090 -71.392718 41.821515
2300 2 51512668 -71.40091 41.83193
2600 2 51526878 -71.3931 41.821404
1875 3 51526880 -71.396586 41.79005
2850 0 47872892 -71.343787 41.808038
2850 0 34307196 -71.343787 41.808038
4350 2 49187476 -71.269094 41.67082
5550 1 49189508 -71.248278 41.608068
4530 2 49191012 -71.276813 41.668662
3930 1 49199443 -71.268576 41.672159
4800 0 49202812 -71.277765 41.673233
8460 4 49234017 -71.28491 41.725889
11670 2 49560181 -71.276416 41.668375
18030 4 49563948 -71.276988 41.670914
7500 2 49644958 -71.264091 41.669423
5850 2 49706296 -71.275235 41.670469
10500 2 49766533 -71.276838 41.67082
3000 1 50473135 -71.241166 41.612738
2600 2 50720046 -71.349947 41.745006
6750 3 51028307 -71.274149 41.668904
4560 1 51130034 -71.273279 41.668583
1600 1 51147407 -71.363518 41.777794
1600 1 51168989 -71.274914 41.675438
1900 2 51191388 -71.256588 41.619058
1800 2 51196864 -71.36928 41.812998
2200 3 51243355 -71.28125 41.725567
2200 3 51253769 -71.281339 41.725552
7920 2 51290552 -71.27126 41.676271
14790 3 51293415 -71.277873 41.673457
9000 0 51294800 -71.272153 41.622558
3200 3 51317014 -71.321952 41.765619
2665 2 51328230 -71.287126 41.736533
1650 2 51474472 -71.279583 41.732148
1850 3 51474823 -71.279583 41.732148
1100 1 51482875 -71.379814 41.813386
1713 1 51213492 -71.431733 41.936692
1800 2 51033406 -71.3974017 41.84531
2700 0 50843360 -71.411938 41.843583
1750 2 50822050 -71.429029 41.843255
2100 2 50845070 -71.40256 41.836065
1999 1 51491842 -71.398474 41.841312
2900 5 49909835 -71.434203 41.838191
1800 1 51492440 -71.432748 41.847
3750 5 47325459 -71.431256 41.84669
2200 1 47299076 -71.394001 41.878308
1542 0 46756327 -71.401833 41.862799
1950 3 43469346 -71.427967 41.846683
1850 2 47101416 -71.466286 41.9618
1950 3 31953360 -71.432369 41.83681
3400 4 13066116 -71.429035 41.83931
3600 4 13066117 -71.432709 41.8378777
2625 3 13121452 -71.4305468 41.8378222
1095 1 20842342 -71.389686 41.869259
2500 4 28183233 -71.385798 41.867697
850 1 36324188 -71.433639 41.838676
2250 3 45071620 -71.4292638 41.8398187
3543 2 45638128 -71.42246 41.8457
1075 1 46969721 -71.384641 41.883788
2099 2 46991083 -71.39825 41.842024
2000 3 47561829 -71.432748 41.838236
4380 2 47786200 -71.4327 41.84783
5700 2 47786201 -71.39955 41.83859
1100 2 48901392 -71.390806 41.889753
3600 1 49351140 -71.390772 41.878766
5940 2 49389714 -71.397115 41.854032
5370 2 49418852 -71.403325 41.837104
3450 3 49466085 -71.402408 41.845091
6180 3 49468721 -71.444882 41.83666
3600 2 49571222 -71.426296 41.836856
4470 2 49587170 -71.401842 41.838001
2910 1 49622375 -71.519466 41.899218
5310 2 49647925 -71.420645 41.843062
1550 1 49753040 -71.4586461 41.8579096
1175 2 49755539 -71.426607 41.933536
1900 2 50395627 -71.402389 41.844042
7170 3 50417308 -71.39863 41.86839
1350 2 50491802 -71.4319 41.8585
2200 3 50498801 -71.394806 41.843482
3000 3 50692888 -71.394356 41.854939
2400 4 50728784 -71.421462 41.855668
8850 3 50810650 -71.420671 41.861734
3300 1 50829717 -71.492087 41.863013
5250 3 50838238 -71.404081 41.866035
7500 2 50993561 -71.400294 41.843024
8670 2 51009520 -71.427248 41.844898
1500 2 51089144 -71.4352 41.8382
2100 3 51101224 -71.395304 41.863589
1450 3 51117038 -71.390834 41.889836
4950 2 51132106 -71.429333 41.852782
1250 2 51137693 -71.423458 41.862054
1625 3 51143639 -71.413814 41.855902
1500 2 51167345 -71.454384 41.847115
1650 3 51171325 -71.483572 41.855529
1750 2 51207968 -71.399693 41.861154
1700 3 51210685 -71.476625 41.834948
2250 2 51238086 -71.382641 41.884247
1600 3 51243357 -71.399362 41.861662
2880 3 51243491 -71.404319 41.84733
2475 2 51249003 -71.391243 41.836354
1700 2 51253771 -71.410742 41.921869
2200 3 51259379 -71.384069 41.861948
1750 3 51268045 -71.448442 41.838469
1300 2 51282869 -71.440027 41.850449
2500 2 51287289 -71.398033 41.840376
3000 4 51289935 -71.430653 41.838775
2200 2 51289936 -71.444574 41.843303
2200 2 51289937 -71.444595 41.843344
1650 2 51301968 -71.389634 41.869962
3540 0 51309361 -71.385798 41.882195
4000 5 51309897 -71.464089 41.851631
2100 3 51410194 -71.492115 41.870257
1750 2 51438035 -71.393882 41.908694
1300 1 51438685 -71.415944 41.878724
2300 2 51491374 -71.473726 41.929888
2000 2 51495623 -71.444712 41.874798
2400 3 51498592 -71.436949 41.835245
4500 5 51498594 -71.432754 41.840547
2400 2 51503267 -71.4436422 41.8748946
1600 3 51512832 -71.421475 41.853625
2400 2 51512912 -71.443679 41.874882
2400 2 51514911 -71.394613 41.856757
1650 2 51533141 -71.424758 41.836457
1500 2 51539170 -71.471346 41.83793
1700 2 51539330 -71.422369 41.870749
1350 2 51543148 -71.421475 41.853625
1050 2 51542886 -71.501157 42.015977
850 1 51513371 -71.516477 42.001895
1200 0 51271668 -71.498744 41.999213
1450 2 51215059 -71.498809 42.009453
1295 2 46741112 -71.473921 41.971157
1923 1 44863578 -71.391532 42.059529
1395 2 24265417 -71.50403 42.003622
1300 1 32260077 -71.481572 42.004001
1595 3 46309589 -71.501414 41.999011
1225 3 50453386 -71.50703 42.003354
1700 1 50538021 -71.389974 42.083709
1500 2 50993361 -71.490848 42.002557
1600 2 51054410 -71.461256 41.97667
1750 2 51112239 -71.51433 42.007449
2000 3 51137130 -71.508338 41.999085
1250 2 51151610 -71.498178 42.008449
1375 0 51157958 -71.396964 42.088063
3300 3 51185074 -71.394388 42.079349
1600 3 51215718 -71.5027 42.0019
1450 2 51215719 -71.5027 42.0019
1800 2 51270404 -71.40389 42.080601
1150 1 51271199 -71.461256 41.97667
1050 1 51466028 -71.497743 42.006579
1300 2 51487434 -71.518869 42.001202
1125 1 51487435 -71.509923 42.001716
1295 2 51488924 -71.520099 41.996643
1300 1 51494438 -71.4809769 42.0356823
2600 3 51520010 -71.403219 42.086163
2425 1 51015864 -71.245642 42.062458
1300 2 48748251 -71.374214 41.878909
150 0 51010438 -71.330386 41.983915
1700 2 51411170 -71.293329 41.938197
1860 2 48864808 -71.3654 41.884526
1650 1 48864807 -71.3654 41.884526
1465 0 48864806 -71.3654 41.884526
1895 2 51176822 -71.328967 41.996924
1600 2 49496273 -71.323396 41.976263
3250 2 40866209 -71.355117 42.073598
2084 1 43993686 -71.3756 42.0413
2553 2 43993694 -71.3756 42.0413
1200 0 51262383 -71.352318 41.86478
1500 2 47246211 -71.375512 41.906263
2154 1 39768126 -71.241032 42.039748
2155 1 29901001 -71.320594 42.01083
1700 2 48221871 -71.293097 41.938619
4320 2 48851880 -71.37797 41.88464
1600 2 49089297 -71.336584 41.989443
3900 2 49637181 -71.377929 41.884638
3600 4 49641970 -71.377929 41.884638
3600 2 49710926 -71.377929 41.884638
9000 3 49714028 -71.35729 41.885119
2200 3 50148371 -71.29255 41.947924
3750 3 50563952 -71.37566 41.88633
1950 0 50674666 -71.3301989 41.9861045
1675 2 50716974 -71.372252 41.882739
4080 4 50724845 -71.37793 41.88463
1750 2 50741818 -71.319347 41.971232
5670 3 50800016 -71.379987 41.887255
5100 3 50836033 -71.27804 41.936105
2070 1 50959384 -71.37793 41.88463
5850 3 50971971 -71.380184 41.88488
7170 6 51086149 -71.377194 41.884998
3750 2 51134212 -71.333965 41.986692
2000 3 51168993 -71.372929 41.876521
2500 2 51185076 -71.248976 41.971449
2200 2 51194082 -71.282187 42.078397
6900 2 51220062 -71.355258 41.877795
1800 3 51228978 -71.374097 41.873044
2500 3 51268042 -71.3279033 41.9796967
1350 2 51272463 -71.276197 41.945074
1700 3 51279106 -71.352758 41.886559
2275 2 51290661 -71.359344 41.884842
1875 3 51290662 -71.359344 41.884842
1850 2 51330324 -71.281883 41.944398
2900 3 51332309 -71.252691 42.069363
1700 2 51346701 -71.3077 41.9284
2500 2 51406672 -71.288904 41.941408
1150 3 51444204 -71.375009 41.876117
2450 2 51467679 -71.338057 41.977293
1700 2 51479511 -71.3282745 41.9934518
1650 2 51484293 -71.313384 41.971505
2850 3 51486691 -71.377832 41.940074
1395 2 51518628 -71.376863 41.880119
1800 3 51519788 -71.35649 41.881742
1850 3 51537963 -71.35014 41.888378
1500 3 51491926 -71.152083 41.692385
1839 2 51453353 -71.236354 42.065173
1584 1 51453348 -71.236354 42.065173
1789 2 51453356 -71.236354 42.065173
1504 1 51453344 -71.235986 42.061092
1604 2 51453345 -71.235986 42.061092
2022 1 51427329 -71.155885 41.988923
2789 2 51427331 -71.155885 41.988923
1500 3 51177914 -71.1314 41.688578
1350 1 50729228 -71.130066 41.690791
1500 2 50329637 -71.1489 41.7536
2700 0 47872893 -71.13483 41.962893
1895 0 44071706 -71.036232 41.962233
2095 1 35107129 -71.041119 41.96044
1750 1 35107121 -70.9622562 41.645317
1095 0 35107111 -71.135133 41.728355
1075 2 35107113 -71.135133 41.728355
2050 2 35107105 -71.110583 41.761835
1450 0 35107104 -71.110583 41.761835
2050 2 34305774 -71.232375 42.065421
2375 1 51166363 -71.209849 42.039122
2700 0 30957137 -71.13483 41.962893
2135 2 29947201 -71.238219 42.061854
2275 1 29655545 -71.104187 42.068489
1500 2 26186250 -71.121076 41.754673
1400 2 13056891 -71.144493 41.723118
1600 3 12309072 -71.154703 41.711221
2235 1 22917301 -71.144528 42.029613
2105 1 22917300 -71.144528 42.029613
2500 2 21871533 -71.1171 42.064416
1600 3 46876285 -71.156639 41.690462
2150 3 47976094 -71.20044 41.72604
1750 2 48071150 -71.137936 41.709706
7020 1 48276002 -71.00741 42.07784
11580 3 48276003 -71.00741 42.07784
2150 3 49140124 -71.014843 42.090886
6990 3 49208037 -71.125007 41.772112
15300 3 49310194 -71.138022 41.748138
5220 2 49416375 -71.127744 41.766118
8970 3 49425167 -71.211239 41.722761
5430 3 49637601 -71.007419 42.077871
3690 1 49637646 -71.007419 42.077871
6840 1 49677544 -71.205755 41.6514
2695 3 49832425 -70.971933 41.99285
2100 3 49838127 -70.968283 41.991059
2495 3 49838132 -70.975288 41.986836
2000 3 49849398 -71.008127 42.066067
2695 3 49937879 -70.976548 41.990799
12600 3 50174721 -71.00741 42.07796
1650 3 50199156 -71.168816 41.687447
1500 1 50543897 -71.138392 41.912784
1850 2 50552649 -71.22442 42.023858
2000 2 50560120 -71.021802 42.076982
2151 2 50604205 -71.1192393344532 41.7579712567308
1736 1 50651187 -71.119965 41.758598
1675 3 50693795 -71.14217 41.723329
2000 2 50792118 -71.025182 42.066389
1275 2 50815141 -71.140554 41.726747
5670 2 50817038 -71.122966 41.766257
8970 3 50825525 -71.02858 42.083631
2700 3 50877039 -71.2250138 41.9487344
3270 1 50878696 -70.972174 41.989239
2400 4 50908878 -71.155469 41.68828
1850 2 50928463 -71.020529 42.064975
1800 3 50958779 -71.15536 41.708497
2500 2 51064657 -71.035823 42.016248
7290 3 51089902 -71.007435 42.077931
2100 4 51150628 -71.161562 41.694568
1300 3 51157959 -71.179498 41.687942
1200 2 51168374 -71.149979 41.717143
1500 3 51168375 -71.149979 41.717143
1750 4 51183714 -71.157536 41.692729
2150 2 51201775 -71.015186 42.0861656
9600 3 51221783 -71.150837 41.679835
2100 3 51223733 -71.1049071 41.9005211
1500 3 51256679 -71.157536 41.692729
1700 2 51278207 -71.175938 42.031065
1850 2 51318070 -71.024107 42.079163
1685 2 51346306 -71.126329 41.815823
1200 2 51407789 -71.1435 41.709427
1450 1 51439079 -71.159066 41.968659
1100 1 51467021 -71.129485 41.688536
1650 2 51477723 -71.161127 41.689173
1750 3 51498641 -71.163263 41.696553
1450 2 51511742 -71.151602 41.690429
1800 3 51512764 -71.182819 41.672635
1500 1 51518618 -71.151172 41.712492
2750 4 51533919 -71.028559 42.087225
