1025 2 51988455 -85.86245 39.230889
1621 2 52708682 -85.915885 39.206262
1049 1 51977764 -85.915885 39.206262
950 1 51958795 -86.157015 39.4119
1220 1 30109634 -85.964839 39.195859
2370 1 45813669 -85.95086 39.19133
3840 2 49465777 -85.919125 39.207016
985 1 50418273 -85.871061 39.222437
1000 0 52682666 -86.055607 39.482987
1128 1 52661686 -86.070852 39.479544
1368 1 52177161 -86.152933 39.581572
1000 1 52018039 -86.154566 39.517714
1900 3 51217213 -86.0219 39.4824
1525 2 49768553 -86.031109 39.485153
1225 4 49768555 -86.031109 39.485153
1086 1 50576925 -86.1247 39.5959
1346 2 50576926 -86.1247 39.5959
1650 4 51460371 -86.04892 39.48222
1395 2 52130461 -86.055045 39.484214
850 1 52404353 -86.04892 39.48222
1284 1 52179453 -86.0893 39.6371
1229 1 52247136 -86.1506 39.6024
1595 3 51425415 -86.156635 39.599313
1020 1 51425413 -86.156635 39.599313
1110 1 51415080 -86.074353 39.6623
1522 3 51414989 -86.108019 39.632603
995 1 51414986 -86.108019 39.632603
1895 0 50867127 -86.0821 39.6286
1041 1 49542713 -86.077616 39.668821
900 1 52077538 -86.130997 39.665524
1250 2 52471535 -86.119942 39.623294
945 1 37767075 -86.140935 39.644535
899 2 43438852 -86.119689 39.622929
1214 1 52246895 -86.057526 39.614911
1350 1 52409885 -86.131723 39.652855
1995 4 45030708 -86.054617 39.612258
4410 2 50836662 -86.091264 39.641291
1100 2 51881103 -86.115017 39.643809
970 1 52417079 -86.087659 39.650095
745 0 52417080 -86.087509 39.649462
1285 3 52432564 -86.1247749 39.679217
1300 3 52689459 -86.0858924 39.6469434
775 1 52691485 -86.121432 39.624574
1400 2 52206236 -86.122794 39.690309
1400 2 52206235 -86.124259 39.690286
1035 2 52164066 -86.129879 39.712812
1400 2 52078215 -86.123082 39.690309
1400 2 51991465 -86.123361 39.690297
1400 2 51991464 -86.123932 39.690286
1400 2 51991463 -86.122228 39.690311
1200 2 51950486 -86.12364 39.690297
674 1 51983563 -86.157046 39.72377
1100 2 51977997 -86.121437 39.690385
525 0 41117176 -86.1370116 39.6967692
755 1 52474649 -86.110148 39.72364
975 4 44369828 -86.130293 39.692859
575 1 51512798 -86.133723 39.705301
775 2 51927799 -86.148953 39.713456
825 2 52148232 -86.133801 39.720802
3570 2 52150315 -86.15081 39.71797
1850 2 52626126 -86.13663 39.714028
700 1 51993085 -86.133871 39.744142
1055 1 51983640 -86.148955 39.744954
1095 2 51983639 -86.148955 39.744954
750 3 34933487 -86.135922 39.744174
695 2 41051704 -86.151807 39.737676
2787 2 45650520 -86.15136 39.73622
1282 1 48944742 -86.13773 39.73046
3120 2 49707505 -86.147493 39.743727
2400 1 50810984 -86.137953 39.734336
3570 2 50819479 -86.153826 39.735201
1890 2 50847580 -86.139541 39.745882
950 2 51570775 -86.134261 39.735883
675 1 52058626 -86.135356 39.736722
1297 2 52108148 -86.136527 39.738956
6540 1 52145160 -86.13852 39.74366
650 1 52471204 -86.157052 39.725221
1345 3 52633393 -86.139434 39.739378
899 1 52180602 -86.136375 39.766104
1739 2 52254577 -86.146968 39.759434
2471 2 51305646 -86.154469 39.763118
1040 0 52672789 -86.140214 39.751132
1640 1 52514916 -86.145724 39.757181
1340 0 51523308 -86.148118 39.759598
1250 2 35277918 -86.138289 39.753844
750 2 35501019 -86.131905 39.746726
795 4 35672868 -86.131392 39.760379
1850 3 43883890 -86.1412828 39.7514083
2430 5 45650507 -86.15793 39.76401
2760 4 45650508 -86.15793 39.76401
3180 3 45650509 -86.15793 39.76401
2250 2 45650511 -86.15793 39.76401
599 0 46805268 -86.156036 39.746141
1300 3 47197933 -86.149763 39.746295
2100 3 47866621 -86.145335 39.75601
3961 1 48915192 -86.15455 39.76181
6180 3 49211571 -86.135309 39.763715
6510 2 49256966 -86.153028 39.762588
4170 1 49266018 -86.152241 39.751377
3450 2 49266019 -86.152241 39.751377
9540 5 49413669 -86.157868 39.765712
7290 3 49438603 -86.157791 39.764018
5430 2 49501138 -86.154273 39.763056
5430 2 49501139 -86.154273 39.763056
6540 2 49501141 -86.154273 39.763056
5430 2 49501143 -86.154273 39.763056
6120 2 49501145 -86.154273 39.763056
5790 2 49501146 -86.154273 39.763056
5430 2 49501150 -86.154273 39.763056
5580 2 49501157 -86.154273 39.763056
5460 2 49501162 -86.154273 39.763056
5670 2 49501164 -86.154273 39.763056
5280 2 49562644 -86.153028 39.762588
3570 1 49586868 -86.147465 39.761503
18180 3 49622232 -86.157791 39.764018
12120 5 49630968 -86.157791 39.764018
12090 4 49648964 -86.157791 39.764018
9690 2 49648970 -86.157702 39.764103
8370 2 49648975 -86.157791 39.764018
11790 4 49648977 -86.157791 39.764018
10980 3 49649365 -86.157791 39.764018
7590 2 49649380 -86.157791 39.764018
2400 2 49669545 -86.15782 39.766994
4380 2 49689792 -86.140456 39.761953
6480 2 50357935 -86.157313 39.76114
3000 1 50362563 -86.147182 39.766498
4000 2 50528948 -86.1529999 39.7625591
2970 1 50890051 -86.139538 39.755656
599 0 51488885 -86.156046 39.746523
6390 1 51541553 -86.13739 39.75986
4770 4 51670871 -86.14126 39.75685
4650 1 51752273 -86.137337 39.759907
15000 1 52002981 -86.134013 39.753103
6060 1 52092010 -86.14735 39.75908
4830 2 52132168 -86.14489 39.76426
1425 2 52188257 -86.146482 39.751844
3000 4 52223987 -86.1426866 39.7513494
2700 1 52290831 -86.137337 39.759907
2370 0 52313221 -86.136475 39.751316
2500 2 52343219 -86.156658 39.748865
1375 2 52397742 -86.15231 39.752422
995 1 52397743 -86.152672 39.752921
975 1 52397744 -86.15231 39.752422
2000 1 52404362 -86.1413452 39.7490193
6240 2 52431455 -86.145774 39.759872
2160 1 52456872 -86.147231 39.75912
2160 0 52456883 -86.147231 39.75912
2160 1 52456907 -86.147231 39.75912
6720 2 52578963 -86.14874 39.75883
5730 2 52643925 -86.157385 39.764355
2160 1 52648378 -86.144822 39.764132
2160 2 52648385 -86.144822 39.764132
2160 1 52648391 -86.144822 39.764132
2160 1 52648393 -86.144822 39.764132
2160 2 52648394 -86.144822 39.764132
2160 1 52648399 -86.144822 39.764132
2160 2 52648403 -86.144822 39.764132
2160 2 52649926 -86.144822 39.764132
2300 2 52668555 -86.13483 39.749138
2430 1 52690573 -86.137142 39.752207
775 1 52697136 -86.152483 39.752641
1250 2 52629857 -86.1245091 39.7516302
1050 2 52494690 -86.12341 39.7476075
650 1 52429798 -86.117029 39.760962
700 1 51993053 -86.11373 39.763859
1150 3 51991568 -86.130527 39.757669
699 2 51953052 -86.127669 39.731956
850 2 34705230 -86.121436 39.731927
850 2 34705231 -86.121414 39.731755
825 3 39020745 -86.118891 39.762539
725 2 40238164 -86.125679 39.755907
850 3 42076272 -86.128076 39.727443
875 3 46974823 -86.126929 39.763118
1100 3 50882690 -86.1114 39.739
2340 2 51057393 -86.124398 39.754132
2099 3 51136944 -86.128377 39.755784
795 3 51838782 -86.116017 39.74675
950 3 51838783 -86.10654 39.749259
1150 3 52238942 -86.122364 39.753736
2950 3 52264666 -86.130319 39.750629
2400 2 52281615 -86.130249 39.761197
2550 2 52291430 -86.130249 39.761197
1950 1 52647939 -86.124398 39.754132
1100 2 52739742 -86.128596 39.738575
965 2 51967686 -86.084042 39.70796
875 3 34645631 -86.090699 39.752508
995 2 39931017 -86.088606 39.714714
995 4 46928978 -86.082504 39.759474
925 2 48331315 -86.075188 39.746882
5370 2 51688255 -86.101647 39.729927
3180 1 51715874 -86.073578 39.76269
785 2 51820034 -86.081719 39.763093
1100 2 51876310 -86.089258 39.764135
775 1 52108347 -86.064778 39.761154
2070 2 52374311 -86.092504 39.724211
2000 4 51203609 -86.046617 39.685119
1000 3 52607662 -86.0157122 39.7106231
1195 4 52723557 -86.0312678 39.7190116
940 2 52629582 -85.758446 39.506867
755 2 48059145 -85.8423 39.7099
755 2 50730331 -85.857 39.7148
2940 1 50806799 -85.859309 39.609137
940 2 52726807 -85.760639 39.507831
900 3 52512833 -85.427129 39.591673
900 0 50451359 -85.483698 39.336188
900 3 52512127 -85.4374 39.6089
