500 0 51095440 -92.030985 44.383122
8910 0 47202901 -92.04169 44.38451
3510 2 49204309 -92.030792 44.383372
5670 1 49512850 -92.037225 44.38625
4200 1 49529532 -92.030659 44.387614
4050 1 49529541 -92.031148 44.384358
5100 1 49570271 -92.031554 44.383142
8550 2 49595639 -92.037225 44.38625
4800 2 49616093 -92.048961 44.360297
5070 2 49638215 -92.033261 44.384333
5850 1 49668713 -92.044112 44.385763
4860 0 49696909 -92.041628 44.384542
4860 0 49696911 -92.041628 44.384542
4500 1 49718861 -92.029267 44.382026
4440 1 50357232 -92.031554 44.383142
5100 1 50820165 -92.029371 44.383435
3990 1 50831991 -92.032969 44.384398
4050 2 50834216 -92.031708 44.383007
5370 1 50886343 -92.037792 44.386655
