2750 0 52714109 -86.149801 39.774968
1725 0 52181286 -86.148294 39.768227
1000 1 51948540 -86.155837 39.772282
1730 0 44743843 -86.154879 39.771304
1280 0 51966639 -86.156044 39.770927
1390 0 48949931 -86.155536 39.77187
2040 2 45650504 -86.145 39.775
2040 1 45650533 -86.1559 39.769
54600 2 47321484 -86.15361 39.77202
4380 1 49390002 -86.158071 39.769251
5820 1 49469847 -86.155703 39.769
6030 1 49471257 -86.15155 39.772112
5880 2 49471634 -86.144955 39.775029
5820 2 49471640 -86.155703 39.769
5910 2 49471676 -86.144955 39.775029
2580 1 49473065 -86.156108 39.76888
5670 2 49574214 -86.144955 39.775029
5370 1 49601708 -86.156108 39.76888
5340 1 49601722 -86.155703 39.769
5370 1 49601728 -86.156108 39.76888
5580 1 49601736 -86.155703 39.769
5190 1 49611198 -86.156108 39.76888
5490 1 49611201 -86.155703 39.769
5070 1 49611217 -86.155703 39.769
5070 2 49625049 -86.155703 39.769
5640 2 49638716 -86.156108 39.76888
4000 3 50684055 -86.147182 39.773251
3600 2 50709962 -86.146774 39.774493
5430 1 50828429 -86.147668 39.774636
3240 1 50836449 -86.155933 39.769119
2430 2 50897678 -86.152244 39.768434
1500 4 51444689 -86.145123 39.774305
9000 2 51588525 -86.151154 39.772489
3660 1 51644864 -86.151507 39.773488
900 1 51655889 -86.151273 39.767527
2900 2 51743398 -86.149165 39.769873
3250 3 51765958 -86.146774 39.774584
4500 2 51940255 -86.15259 39.767256
29970 3 52288852 -86.145698 39.771251
2160 1 52481698 -86.147365 39.769926
2160 1 52481702 -86.147365 39.769926
2160 0 52481706 -86.147365 39.769926
2160 1 52481707 -86.147365 39.769926
1800 0 52481709 -86.147365 39.769926
1800 0 52481720 -86.147365 39.769926
2880 2 52481729 -86.147365 39.769926
2160 1 52481731 -86.147365 39.769926
2160 1 52481738 -86.147365 39.769926
2520 1 52541888 -86.148546 39.768039
2160 0 52541945 -86.148546 39.768039
2160 2 52541947 -86.148546 39.768039
2160 0 52541950 -86.148546 39.768039
2160 1 52541953 -86.148546 39.768039
2520 0 52541962 -86.148546 39.768039
2160 0 52541970 -86.148546 39.768039
4500 1 52631699 -86.155933 39.769119
2160 0 52648377 -86.148546 39.768039
2880 2 52648382 -86.148546 39.768039
2520 0 52648388 -86.148546 39.768039
2760 1 52715071 -86.151837 39.769986
1750 1 52739407 -86.151273 39.769379
1380 0 52177836 -86.145093 39.775735
850 1 51995049 -86.153609 39.7813129
1259 1 51742710 -86.152666 39.779325
1200 1 51948346 -86.154455 39.782123
1327 1 51966840 -86.151704 39.779369
1047 0 41052398 -86.152781 39.776617
2040 2 45650493 -86.1497 39.7813
14700 3 48168337 -86.15443 39.77872
4050 1 49189839 -86.155407 39.775976
4050 1 49195306 -86.155407 39.775976
3750 3 49366044 -86.145623 39.780117
5460 1 49416591 -86.148309 39.77576
5220 1 49416596 -86.148309 39.77576
5070 1 49416599 -86.148309 39.77576
6600 2 49427206 -86.148309 39.77576
5340 1 49427207 -86.148309 39.77576
5640 1 49427209 -86.148309 39.77576
5460 1 49427210 -86.148309 39.77576
5070 1 49427211 -86.148309 39.77576
5640 1 49427212 -86.148309 39.77576
5370 1 49427233 -86.148309 39.77576
5280 1 49427237 -86.148309 39.77576
5070 1 49427238 -86.148309 39.77576
5070 1 49427245 -86.148309 39.77576
5640 1 49427317 -86.148309 39.77576
5460 2 49440453 -86.154782 39.777989
4890 2 49471669 -86.149354 39.78133
4500 2 49472057 -86.150826 39.778144
5460 1 49577510 -86.148309 39.77576
2550 2 49600998 -86.157443 39.781609
14250 3 49610569 -86.154399 39.778679
3630 0 49698044 -86.147598 39.779913
5460 1 50361852 -86.148309 39.77576
3500 1 50528528 -86.1484595 39.7758087
3500 2 50528770 -86.1484595 39.7758087
2300 3 50709961 -86.145742 39.776349
8040 2 50833458 -86.155591 39.77635
5700 2 50841338 -86.157337 39.775558
2450 2 52095373 -86.155113 39.775814
2500 2 52223015 -86.152317 39.779432
6300 3 52304582 -86.154399 39.778679
1750 2 52540460 -86.146221 39.780286
1369 1 51980587 -86.134556 39.780839
895 1 51975580 -86.135538 39.767908
1350 2 39778766 -86.143742 39.781914
10170 2 48285351 -86.1331 39.78346
3690 2 49203930 -86.131586 39.769588
7140 5 49203938 -86.131586 39.769588
3900 1 49410949 -86.134556 39.780839
3150 0 49413850 -86.134556 39.780839
3300 1 49414256 -86.132481 39.781335
41010 6 49477715 -86.142668 39.779621
3750 2 49521020 -86.139319 39.767292
16410 3 49575504 -86.142676 39.779636
13830 3 49677789 -86.142668 39.779621
3000 0 49694000 -86.133169 39.773679
3000 1 50857795 -86.1331 39.78346
5700 1 51686849 -86.136401 39.783228
1100 2 51914509 -86.1460235 39.7892269
1395 0 51989914 -86.149123 39.785328
1690 3 52660667 -86.1417269 39.7988065
850 0 51948348 -86.155303 39.784825
1200 1 52369991 -86.14982 39.784972
799 1 36583376 -86.144979 39.790482
849 1 40237640 -86.154172 39.795473
3510 1 47738685 -86.1555 39.78482
1049 2 47806433 -86.15461 39.789972
825 1 48483726 -86.144382 39.790629
6510 2 48925868 -86.14453 39.78974
4050 2 49238414 -86.154812 39.787346
2640 2 49262885 -86.144639 39.787445
3300 2 49309589 -86.152864 39.797715
6210 2 49362560 -86.156885 39.790597
3600 1 49412464 -86.13193 39.783945
3450 1 49413976 -86.132556 39.785102
3450 2 49414226 -86.134947 39.785418
3300 1 49414276 -86.131492 39.784269
3510 1 49421739 -86.152864 39.797715
1650 1 49580083 -86.152871 39.787581
2790 2 50156836 -86.153368 39.78998
1950 0 50357022 -86.147968 39.792224
22500 3 50359948 -86.156198 39.787453
2550 2 50591823 -86.150521 39.792515
1999 2 50632889 -86.1363587 39.789329
8190 2 50778670 -86.15284 39.79779
2550 1 50804705 -86.148634 39.790206
2310 1 50837262 -86.145221 39.791231
13140 3 50840853 -86.15624 39.7886
3000 1 50889354 -86.152864 39.797715
2400 1 50889355 -86.152864 39.797715
2400 1 50889396 -86.152864 39.797715
2400 1 50889401 -86.139723 39.786898
3300 2 50889407 -86.139723 39.786898
2400 1 50889506 -86.153222 39.797936
4080 0 50987833 -86.13851 39.787273
2370 0 50988763 -86.152864 39.797715
3300 2 50988766 -86.152864 39.797715
3690 1 51173213 -86.13949 39.78694
2400 0 51293805 -86.153222 39.797936
2669 3 51410464 -86.152732 39.792197
3450 1 51693322 -86.15449 39.784738
2400 1 51713065 -86.139723 39.786898
2400 1 51713066 -86.152864 39.797715
2400 1 51713067 -86.152864 39.797715
2400 1 51713068 -86.139723 39.786898
2400 1 51713070 -86.139723 39.786898
2400 0 51713072 -86.139723 39.786898
3030 1 51713150 -86.139723 39.786898
2300 2 52043700 -86.155652 39.800179
2070 0 52270181 -86.148801 39.790105
1680 0 52270287 -86.151753 39.790373
3000 4 52276727 -86.144299 39.790141
3750 2 52288177 -86.144417 39.78975
2430 2 52443579 -86.15255 39.789842
775 2 52456420 -86.149214 39.789404
725 0 52499557 -86.144382 39.790629
6210 2 52646349 -86.152864 39.797715
2140 2 52712105 -86.151753 39.784626
795 1 52741696 -86.11 39.775
985 2 52476396 -86.117523 39.77207
775 1 51994165 -86.11 39.775
800 1 51982948 -86.128915 39.780453
700 1 52494347 -86.1050927 39.7805131
795 4 34691158 -86.104043 39.772414
800 3 36831070 -86.108722 39.780814
650 1 44353892 -86.105983 39.783708
3120 2 49226180 -86.11163 39.770178
3600 2 49226294 -86.111629 39.770125
1950 1 49506185 -86.10521 39.770901
3000 1 49588798 -86.10521 39.770901
2190 1 49594251 -86.10521 39.770901
2100 0 49619383 -86.10521 39.770901
2190 1 49619411 -86.10521 39.770901
2100 0 49619414 -86.10521 39.770901
2190 1 49619478 -86.10521 39.770901
2010 1 49619490 -86.10521 39.770901
2190 1 49619498 -86.10521 39.770901
2010 1 49619502 -86.10521 39.770901
1100 2 50173745 -86.128696 39.771382
1700 3 51015016 -86.12741 39.782877
895 2 51073382 -86.122179 39.772578
2610 1 51289928 -86.117814 39.767584
5880 3 51560854 -86.12617 39.78442
1400 5 51591650 -86.124596 39.777752
895 2 51609445 -86.122058 39.772578
7020 2 51672854 -86.129234 39.771493
4710 1 51733647 -86.130629 39.784095
875 2 51824020 -86.113772 39.773029
1250 3 51859176 -86.122234 39.777916
1200 2 51859177 -86.122234 39.777916
3030 1 51875664 -86.11734 39.77029
8910 3 52011977 -86.110804 39.79752
825 2 52083295 -86.108622 39.794434
925 3 52149431 -86.116177 39.773265
800 3 52188152 -86.11 39.775
750 1 52240039 -86.130208 39.792329
5340 2 52350174 -86.12349 39.78295
5340 2 52350176 -86.12368 39.78293
5340 2 52350182 -86.12366 39.78298
45000 2 52363102 -86.104069 39.769165
850 2 52378069 -86.107983 39.78492
899 3 52403558 -86.128082 39.792362
750 1 52418165 -86.130157 39.792318
995 3 52433733 -86.1202388 39.7799033
1295 3 52459086 -86.115106 39.776414
1300 1 52496622 -86.11756 39.768534
925 2 52545517 -86.127152 39.77272
800 1 52599557 -86.128023 39.775946
800 2 52634361 -86.108019 39.777968
1000 3 52651770 -86.103699 39.772244
897 2 52686458 -86.105027 39.780102
799 2 52124774 -86.125566 39.803667
900 2 51994025 -86.110053 39.803131
1450 3 51742708 -86.144493 39.828802
1450 3 51742707 -86.144493 39.828802
725 1 51989940 -86.157429 39.816317
575 0 51982955 -86.137289 39.822737
625 1 51982954 -86.137289 39.822737
775 1 51979875 -86.156155 39.820586
1250 3 51979174 -86.147649 39.816528
1195 2 52538185 -86.143659 39.801022
1245 3 51960023 -86.1363 39.827
1235 1 29761879 -86.155969 39.805199
949 2 51954958 -86.155399 39.820376
799 2 52035557 -86.156172 39.821382
665 1 51953089 -86.1363 39.827
775 2 51953055 -86.154945 39.819969
669 1 51953054 -86.157483 39.820619
575 0 51951910 -86.140043 39.821764
775 3 37117229 -86.118612 39.827438
825 4 39708649 -86.139827 39.813596
795 3 41510838 -86.112812 39.800561
725 1 48540393 -86.156434 39.822376
4050 2 49187020 -86.145724 39.801082
1710 1 49227206 -86.154317 39.811577
7200 3 49260554 -86.15161 39.824044
6390 3 49266912 -86.145239 39.802458
9540 1 49283141 -86.13769 39.81441
7710 3 49283142 -86.13871 39.81236
1410 1 49635252 -86.154317 39.811577
2340 1 49635262 -86.154317 39.811577
3180 1 49635283 -86.15161 39.824044
3090 2 49635288 -86.154317 39.811577
725 1 49927476 -86.156299 39.822528
1049 2 49927481 -86.156299 39.822528
1075 3 50517043 -86.148279 39.827785
1150 3 50778243 -86.149847 39.810861
635 1 51121025 -86.156767 39.808326
2648 1 51132926 -86.153764 39.814629
1450 3 51187064 -86.147103 39.828075
925 3 51442964 -86.151149 39.809416
849 2 51545188 -86.15255 39.820685
1300 3 51578767 -86.140309 39.810918
900 3 51787385 -86.143012 39.820467
1140 1 51829204 -86.153229 39.818495
1475 4 51861311 -86.140038 39.822194
1250 3 51874777 -86.139388 39.823033
1350 3 52072850 -86.139388 39.822979
1450 4 52091306 -86.152902 39.811189
1550 3 52230416 -86.153958 39.808433
1500 3 52265078 -86.144682 39.833111
750 3 52403578 -86.129259 39.816256
675 1 52404148 -86.116317 39.803848
1699 3 52502733 -86.148912 39.812239
1140 1 52532773 -86.153229 39.818495
1699 3 52595623 -86.149126 39.812158
1399 2 52595624 -86.142606 39.828541
2000 2 52630986 -86.15349 39.801214
1200 3 52638497 -86.140482 39.811093
1540 4 52685474 -86.139919 39.822194
675 1 52742647 -86.116469 39.803705
675 1 52742648 -86.116281 39.803705
700 1 52709712 -86.0676491 39.7705671
700 1 52684556 -86.100782 39.77819
650 1 52475886 -86.093018 39.776432
650 1 51994869 -86.09975 39.787891
750 1 51985270 -86.089442 39.769578
849 1 51988975 -86.084742 39.832469
875 1 50708409 -86.055749 39.769679
899 3 51987241 -86.092678 39.772937
1050 3 51984198 -86.1006 39.767442
650 0 51982951 -86.069748 39.770426
725 1 51982946 -86.068881 39.77119
850 1 51982940 -86.068407 39.771244
650 0 51982938 -86.079321 39.770752
775 2 51980978 -86.058949 39.782784
739 1 51978289 -86.067534 39.771463
595 0 51977794 -86.067294 39.771349
925 2 52124016 -86.08656 39.818671
720 2 51953751 -86.069939 39.769987
775 3 34645556 -86.095349 39.773835
895 3 34647373 -86.095897 39.774279
850 3 36453705 -86.063142 39.769403
795 3 43321695 -86.099494 39.782694
1650 1 51132016 -86.099604 39.778752
625 1 51143913 -86.096387 39.777821
875 3 51483517 -86.082438 39.822744
950 2 51565643 -86.102689 39.770946
850 2 51581021 -86.098385 39.817906
725 1 51585368 -86.074682 39.826382
5730 3 51715857 -86.076624 39.767562
795 2 51766015 -86.087192 39.77393
900 2 51766048 -86.058696 39.782339
750 1 51861776 -86.089907 39.818551
675 1 51861778 -86.089851 39.818028
6600 2 52012089 -86.051499 39.773029
1920 2 52022448 -86.09608 39.77447
850 2 52058545 -86.072013 39.799629
750 1 52075205 -86.088311 39.774649
875 3 52210478 -86.088015 39.77254
775 2 52214380 -86.061822 39.785315
775 2 52214384 -86.061661 39.785106
1050 3 52234517 -86.087758 39.770502
785 2 52263823 -86.060897 39.797245
1175 3 52388945 -86.08488 39.779125
745 2 52395269 -86.058618 39.783804
1400 3 52412664 -86.097182 39.777946
900 3 52459087 -86.087003 39.773393
650 1 52519880 -86.092415 39.769986
695 2 52552187 -86.058853 39.783804
695 2 52552188 -86.058766 39.783607
800 2 52733230 -86.071906 39.801402
950 1 52182881 -86.103522 39.855455
1390 2 52181246 -86.145424 39.878249
1350 1 52181245 -86.145424 39.878249
2049 1 52624137 -86.120347 39.897013
915 1 51414990 -86.108381 39.842539
1175 2 51414992 -86.108381 39.842539
1448 0 50687637 -86.143909 39.876144
1806 2 50687640 -86.143909 39.876144
1419 1 50687623 -86.142036 39.872594
2000 2 50687625 -86.142036 39.872594
1207 0 50687617 -86.140999 39.87097
645 0 51982956 -86.115013 39.834968
1150 1 48568333 -86.086584 39.86939
1009 1 51948769 -86.051576 39.859848
1442 3 51948771 -86.051576 39.859848
970 2 51975294 -86.1415 39.839265
1185 2 51947909 -86.1149 39.8666
785 0 51969328 -86.145782 39.868563
1400 2 39459031 -86.1404147 39.8681695
1399 0 52247954 -86.145881 39.870882
1199 1 43708304 -86.120347 39.897013
1200 3 42508266 -86.127298 39.835764
4050 1 49226328 -86.123821 39.879044
3750 1 49361816 -86.149299 39.867018
3750 2 49505131 -86.14562 39.864773
3120 1 49568962 -86.127023 39.892334
4170 2 49579259 -86.148763 39.875052
3600 0 49653355 -86.145573 39.872343
3810 2 49732589 -86.127023 39.892343
2670 1 50831027 -86.118171 39.896278
3360 1 51658095 -86.136434 39.885858
2970 1 51854796 -86.113985 39.895205
1800 4 51900280 -86.141482 39.865724
1800 2 51905330 -86.061559 39.846323
5130 2 52132167 -86.14162 39.87196
3900 3 52308339 -86.114743 39.847393
60000 1 52319238 -86.090604 39.845356
2010 2 52361187 -86.062678 39.84747
2160 1 52472518 -86.141569 39.871959
2160 1 52472539 -86.141569 39.871959
2520 1 52472698 -86.141569 39.871959
2160 0 52472714 -86.141569 39.871959
2160 1 52472862 -86.141569 39.871959
2160 1 52475202 -86.141714 39.870955
2520 1 52475210 -86.141714 39.870955
2160 0 52475213 -86.143909 39.87662
2520 0 52475224 -86.143909 39.87662
2160 1 52475230 -86.141714 39.870955
2160 0 52475248 -86.143909 39.87662
2160 1 52475257 -86.141714 39.870955
2160 1 52487958 -86.141569 39.871959
3090 1 52489552 -86.126385 39.868356
4410 1 52540396 -86.141569 39.871959
950 2 52595819 -86.059999 39.847055
3720 1 52636132 -86.141801 39.872687
4110 2 52638527 -86.141801 39.872687
4080 1 52638614 -86.141569 39.871959
2880 2 52648373 -86.141714 39.870955
2880 2 52648376 -86.141714 39.870955
3240 2 52648384 -86.141714 39.870955
2880 2 52648397 -86.141714 39.870955
2880 2 52650212 -86.141569 39.871959
2880 2 52676739 -86.141569 39.871959
895 2 52697441 -86.127299 39.835333
895 2 52700497 -86.1273707 39.8353105
1510 1 52739406 -86.145221 39.850137
675 1 52454607 -86.0298851 39.833555
850 1 52337831 -86.011073 39.847423
995 2 51985262 -86.009562 39.847128
850 1 51985263 -86.009562 39.847128
671 0 51423502 -85.989244 39.831191
1112 2 51423504 -85.989244 39.831191
1299 2 51447701 -85.988996 39.800416
949 1 51447698 -85.988996 39.800416
1049 1 51444650 -86.048582 39.83413
957 2 51414999 -85.989714 39.808548
849 1 51414995 -85.989714 39.808548
995 1 51988958 -85.955644 39.782151
1505 0 50866728 -86.000216 39.848613
1285 1 50777920 -86.001808 39.857225
989 2 52504582 -86.007564 39.829518
874 1 51984422 -86.007564 39.829518
825 1 48920073 -86.045068 39.892516
750 0 48920071 -86.045068 39.892516
875 1 51980716 -86.048706 39.852126
1818 0 29641186 -86.047478 39.898778
745 2 51953097 -86.041616 39.795629
899 2 51951909 -86.01648 39.839609
520 1 36542758 -85.988205 39.827381
730 2 18833606 -86.042087 39.871248
845 3 18833607 -86.042087 39.871248
750 1 19234788 -86.042087 39.871248
1005 4 19234789 -86.042087 39.871248
1060 2 47190829 -85.996315 39.823534
1060 2 47291109 -85.996173 39.824033
675 1 50496376 -86.046798 39.829018
795 2 51268582 -86.046798 39.829018
3570 1 51605409 -86.001957 39.854537
950 2 51766085 -86.029182 39.790829
1350 2 52064211 -86.0454 39.7828
1795 4 52087103 -85.9818 39.8372
975 3 52090621 -86.038554 39.824452
1295 3 52096550 -85.9682648 39.8230328
1000 3 52342603 -85.9652155 39.8305211
1250 3 52414693 -86.010828 39.794276
5280 2 52452864 -86.04522 39.775347
1450 3 52491515 -85.961256 39.833052
2400 3 52537279 -85.9783 39.7886
2160 2 52682238 -86.022055 39.798774
950 3 52694062 -86.031603 39.842609
1200 3 52744942 -85.9788125737392 39.7971152826474
1520 1 52672839 -85.95 39.9608
1500 2 52165794 -85.973663 40.009853
1300 1 52165795 -85.973663 40.009853
1449 1 52165779 -86.116956 39.912004
1260 0 52165776 -86.116956 39.912004
1260 0 52163751 -86.129007 39.973368
1260 1 52163763 -86.129007 39.973368
1260 0 52163750 -86.129007 39.973368
1000 0 52163697 -86.016253 39.95781
1100 1 52163695 -86.016253 39.95781
1300 2 52163698 -86.016253 39.95781
1250 1 52163696 -86.016253 39.95781
1991 1 52626023 -86.0136 39.9583
1820 2 51434053 -86.114063 39.967226
1115 1 51434042 -86.114063 39.967226
1277 1 51433328 -86.154849 39.969645
1075 1 51433327 -86.154849 39.969645
1398 1 51451925 -86.130048 39.931545
1191 1 51419393 -86.148165 39.970193
1320 2 51444875 -86.111106 39.95554
1149 1 51444874 -86.111106 39.95554
1485 1 51419383 -86.130723 39.929766
1420 1 51415139 -86.148313 39.971579
1217 1 51415138 -86.148313 39.971579
1033 1 51446407 -85.986342 39.957707
867 0 51414968 -86.128241 40.032423
966 1 51414970 -86.128241 40.032423
1449 1 48950327 -86.030226 39.941615
1180 0 48194063 -86.015248 39.956945
1316 0 47386920 -86.0009 39.9563
1132 1 51977044 -86.142859 39.976925
1405 1 45273356 -86.000305 40.006789
1340 1 49288964 -86.1281 39.9694
1984 1 47307997 -86.134085 39.911089
1607 1 51306758 -86.137945 39.925175
1410 1 44724056 -86.1498 40.0293
1785 2 43250099 -86.134257 39.969135
1180 1 43250098 -86.134257 39.969135
1194 1 43250092 -86.099432 39.911557
1145 1 43250083 -86.070826 39.918089
1701 1 39028666 -86.130708 39.975883
920 2 37767037 -86.1303337 39.9184643
1369 2 49865641 -86.068916 39.903363
1713 0 30125623 -86.102339 39.929751
1230 2 49996955 -86.069446 39.92378
1432 1 29673374 -86.148762 39.977746
1756 2 29673395 -86.148762 39.977746
1520 1 29653057 -86.128783 39.978624
1249 1 41052369 -86.088561 39.923503
1800 3 40640375 -85.997225 39.994863
5295 2 45650544 -86.13049 39.97859
2065 1 48965824 -86.128347 39.962792
8580 2 49374162 -86.130489 39.978587
7770 3 49436048 -86.130289 39.980236
9000 1 49626390 -86.050468 39.906995
15000 2 49626488 -86.050468 39.906995
6510 1 49642432 -86.154572 39.945859
4980 0 49642475 -86.154572 39.945859
9240 2 49642485 -86.154572 39.945859
9930 2 49692469 -86.154572 39.945859
5160 0 49692471 -86.154572 39.945859
6300 1 49692493 -86.154572 39.945859
6750 1 49692496 -86.154572 39.945859
13530 2 49701783 -86.154572 39.945859
1900 3 50709956 -85.994589 39.974483
3150 1 50720556 -86.018048 39.947356
2550 1 50788351 -86.088921 39.907358
10680 2 51080691 -86.105887 39.916242
3750 2 51288638 -86.112619 39.917066
3600 2 51289688 -86.015857 39.950361
2023 1 51307256 -86.148763 39.977746
2161 1 51307739 -86.0009 39.9563
2910 1 51318715 -86.016429 39.949971
2000 3 51327200 -86.148909 39.972852
4920 1 51652889 -86.154572 39.945859
3570 0 51655821 -86.154572 39.945859
4920 1 51686441 -86.154572 39.945859
1950 1 51719341 -86.020585 39.946913
3000 1 51727020 -86.016462 39.949278
2000 2 51765946 -86.009233 39.97567
1295 2 51765997 -86.0329332270514 39.9114293996938
2600 3 51766064 -86.008931 39.97567
2670 1 51829706 -86.105887 39.916242
1400 2 51833190 -86.146791 39.942479
2750 3 52056869 -86.13537622 39.99108538
3000 3 52080595 -86.021788 39.999118
2400 1 52212090 -86.07823 39.91266
4470 2 52283523 -86.130489 39.978587
3840 2 52335796 -86.014025 39.949522
3270 2 52441888 -86.134195 39.929594
1550 2 52550045 -86.0128 39.9685
1350 1 52609584 -86.130033 39.929902
3164 2 52625620 -86.01783 39.956972
2245 2 52626407 -85.993681 39.958866
2490 1 52682430 -86.092271 39.905087
1824 1 52711787 -86.078108 39.912529
850 1 52155034 -85.77793 39.790026
1095 2 52018021 -85.85037 39.938358
1820 1 52625607 -85.931046 39.982923
999 1 51469252 -85.779083 39.806266
1133 2 51469253 -85.779083 39.806266
1105 1 51416906 -85.749068 39.788009
1349 1 51218090 -85.934923 39.991986
1141 1 51960921 -85.930369 39.890185
1100 1 51965079 -85.7903 39.8013
1099 1 42614319 -85.768631 40.001564
1399 3 42614318 -85.768631 40.001564
695 1 52225843 -85.771325 39.787287
1240 1 31617666 -85.749068 39.788009
695 1 43503832 -85.7714303 39.7872395
699 2 47608546 -85.762498 39.790349
790 1 48452316 -85.764503 39.785742
2500 4 51095530 -85.8668 39.93
1900 3 51213035 -85.912912 39.985683
1890 1 51586054 -85.784196 39.785877
2600 5 51601286 -85.9101 39.8731
2400 1 51602133 -85.745174 39.996153
3240 2 52053065 -85.93839 39.92431
2150 3 52061724 -85.913492 39.984442
2100 3 52114192 -85.913828 39.985639
1650 3 52136069 -85.912954 39.972987
2150 3 52138727 -85.924774 39.98186
3200 5 52393776 -85.9286 39.9034
3299 4 52727131 -85.907363 39.966981
985 2 52717930 -85.8443647 40.2791234
585 1 51547193 -85.838265 40.279608
950 2 51547192 -85.838253 40.279519
650 1 51547191 -85.838253 40.279519
895 3 51976854 -86.019262 40.037308
1175 2 51988969 -85.840034 40.275446
795 2 51983431 -85.844423 40.260973
599 0 52284029 -85.850393 40.277211
1565 3 45273369 -85.994799 40.056644
1060 1 45273361 -85.994799 40.056644
1410 1 51947847 -86.140482 40.053329
1625 3 51947795 -86.077552 40.045308
1150 1 51947793 -86.077552 40.045308
1399 1 41936661 -85.974111 40.041295
804 1 36917943 -85.849281 40.259915
845 2 36917944 -85.849281 40.259915
800 1 46590852 -86.00876 40.040379
1150 4 47054018 -85.725075 40.127613
1000 2 48813880 -86.0321 40.1689
5670 1 49230922 -86.015812 40.135337
4950 2 49346875 -86.136801 40.065083
1350 2 50253693 -86.012157 40.047728
1807 1 50916200 -86.014453 40.04224
900 1 51105776 -86.126329 40.049682
1700 3 51709180 -86.01495 40.036349
1800 0 52326816 -86.03871 40.106886
1693 1 52626533 -86.128241 40.037737
985 1 52737956 -86.012377 40.039911
558 1 51453668 -85.575333 39.892891
700 1 51982678 -85.363692 39.933886
650 1 52493807 -85.369978 39.92539
685 2 43511997 -85.575487 39.887391
3210 2 49592400 -85.366206 39.930475
3180 2 49664959 -85.371808 39.930119
2160 1 49664982 -85.371808 39.930119
2580 1 51269656 -85.371808 39.930119
1500 1 51277370 -85.372725 39.928323
400 2 51407776 -85.336227 39.961521
650 1 52308680 -85.361456 39.907149
745 1 52595564 -85.367675 39.921503
800 3 52741526 -85.683 40.0986
750 2 52684712 -85.673842 40.10125
595 1 52661460 -85.683334 40.088986
650 1 52612377 -85.691462 40.111086
600 2 52612378 -85.691462 40.111086
775 1 52522676 -85.680578 40.076057
850 2 52289482 -85.700164 40.106222
600 1 52182660 -85.669129 40.094094
750 2 52114903 -85.683261 40.099851
500 0 52078098 -85.655326 40.110712
650 1 52114258 -85.669793 40.089499
800 2 51993293 -85.656769 40.106975
800 2 51993290 -85.655899 40.106586
800 2 51993289 -85.65599 40.106857
500 1 51993222 -85.678848 40.091297
800 1 51993219 -85.696932 40.110523
800 2 51991967 -85.681739 40.130094
800 2 51988647 -85.657054 40.107841
795 3 51989170 -85.683755 40.09069
500 0 51988269 -85.681769 40.090297
500 0 52355182 -85.671344 40.096073
785 1 51985696 -85.680726 40.104921
600 1 52114108 -85.680109 40.092271
550 0 51949387 -85.684668 40.094626
895 2 51981644 -85.684158 40.110123
700 1 51981031 -85.656672 40.107116
850 2 51978841 -85.695759 40.10874
650 1 51977390 -85.682415 40.263681
625 1 51976327 -85.676473 40.101557
649 1 51976186 -85.692815 40.132013
700 1 51970304 -85.65714 40.10784
700 1 51970302 -85.656307 40.106594
272 1 42848761 -85.6962494 40.1053179
620 2 42770180 -85.6962494 40.1053179
846 1 51959486 -85.657172 40.133337
960 2 51958666 -85.692112 40.071373
700 2 42174937 -85.664699 40.107967
700 2 46535348 -85.673076 40.258169
990 2 51311376 -85.6698783 40.0702779
650 1 52062700 -85.695582 40.113009
1800 1 52331106 -85.681925 40.112341
850 3 52425089 -85.676016 40.102983
685 1 52723262 -85.687498 40.111086
500 1 51989765 -85.3813 40.1632
650 1 51984036 -85.451403 40.124632
490 1 51272461 -85.3813 40.1632
950 3 52429805 -85.451068 40.181506
617 2 52437695 -85.451068 40.181506
800 2 52338179 -85.4811092 40.2057153
800 2 51991725 -85.492326 40.210542
800 2 51991715 -85.492074 40.210112
643 1 51949160 -85.499985 40.170949
950 2 43453058 -85.454774 40.183226
1300 3 46942108 -85.491773 40.16837
950 2 47133778 -85.450941 40.215766
575 1 51206064 -85.5002 40.171463
765 2 51206144 -85.500299 40.17079
650 1 52742003 -85.394063 40.183369
725 2 52206457 -85.403576 40.178576
750 2 51992479 -85.405739 40.192026
695 1 51992477 -85.406205 40.192404
798 2 51985693 -85.446124 40.199526
550 1 51985547 -85.395174 40.190068
800 2 51984418 -85.4402552 40.1937215
750 2 51983822 -85.431803 40.1953
525 0 51983157 -85.402587 40.197359
650 1 51950426 -85.394597 40.200364
650 1 51948904 -85.403453 40.198053
700 2 51948903 -85.403453 40.198053
600 1 51980467 -85.416342 40.188181
650 1 51979360 -85.406816 40.182821
900 3 51979163 -85.407164 40.192006
595 1 51978003 -85.408478 40.193229
495 0 51978002 -85.408478 40.193229
725 2 51977710 -85.396399 40.191328
950 2 51976884 -85.406482 40.191962
850 2 51976290 -85.402482 40.194229
575 1 51975441 -85.405067 40.192845
550 1 51947996 -85.405453 40.192432
1650 6 51966271 -85.408557 40.192504
550 0 43925452 -85.394909 40.19948
600 0 51969212 -85.41461 40.19281
975 2 51968980 -85.426844 40.178178
750 2 51966255 -85.411312 40.1923
795 3 51966254 -85.411312 40.1923
1000 3 51966116 -85.408149 40.192845
900 2 51947410 -85.404205 40.195097
575 0 51947403 -85.406422 40.196994
650 1 51947339 -85.416853 40.187959
950 3 51961641 -85.410806 40.194053
600 1 51961008 -85.395624 40.197705
625 1 51958696 -85.395868 40.194043
625 2 51958697 -85.395868 40.194043
750 1 51960794 -85.405294 40.195626
525 1 51959085 -85.394474 40.193443
625 1 51958575 -85.407922 40.193132
700 1 51960468 -85.405378 40.195432
675 1 51960218 -85.404076 40.194285
775 1 51959626 -85.416944 40.18882
900 2 51959016 -85.417108 40.188796
950 2 51958690 -85.409727 40.191609
550 1 51958661 -85.395586 40.198548
595 1 51958598 -85.407478 40.195367
650 1 51958595 -85.407464 40.194374
525 1 51958572 -85.404389 40.193201
1100 3 51958567 -85.394872 40.197249
550 1 51958568 -85.394872 40.197249
850 3 51958556 -85.402675 40.192809
800 2 51957894 -85.403987 40.193767
450 0 51957893 -85.403987 40.193767
600 1 51958474 -85.401482 40.196053
750 2 51947091 -85.403337 40.197579
750 3 51947090 -85.403337 40.197579
600 1 51958059 -85.394488 40.19977
650 1 51957307 -85.417057 40.178905
800 2 51957899 -85.395278 40.197315
900 2 51957897 -85.404233 40.195618
575 1 51957891 -85.403858 40.193201
575 2 51957892 -85.403858 40.193201
750 2 51957459 -85.414379 40.187869
750 2 51957306 -85.40991 40.189211
550 1 51957887 -85.39545 40.196845
750 2 51947083 -85.394401 40.199531
575 1 51957859 -85.3950909 40.197328
900 2 51957811 -85.402872 40.192809
850 2 51957810 -85.402495 40.192809
675 1 51957805 -85.403635 40.192767
475 0 51957806 -85.403635 40.192767
625 1 51957460 -85.402482 40.192429
1100 4 51208581 -85.407961 40.191562
740 1 52057084 -85.405961 40.196548
675 2 52057087 -85.403557 40.198862
600 1 52107990 -85.394762 40.198034
950 2 52107997 -85.394469 40.19832
1675 5 52493599 -85.395033 40.196811
700 2 52739130 -85.394463 40.19365
700 2 52684738 -85.398267 40.207908
895 2 51990805 -85.399159 40.213929
575 0 51950434 -85.40924 40.211239
850 1 51990323 -85.397868 40.207866
650 1 51989116 -85.3951 40.209148
800 2 52684109 -85.406023 40.209653
625 1 51986157 -85.422843 40.215128
625 1 51984443 -85.400006 40.208063
1220 2 51982355 -85.405557 40.209384
850 0 51948896 -85.400286 40.201105
800 3 51948898 -85.400286 40.201105
550 0 51964559 -85.40927 40.21343
675 1 51961124 -85.395676 40.202486
625 0 51961004 -85.396356 40.202063
750 2 51957809 -85.404887 40.210423
800 1 36584968 -85.433164 40.224588
790 1 51957658 -85.399586 40.208253
1050 3 51957657 -85.397609 40.202105
2850 3 49438886 -85.426641 40.22365
1400 6 50960651 -85.397645 40.205963
825 2 51492703 -85.398971 40.205984
450 0 51801891 -85.408979 40.232948
900 2 52227433 -85.395448 40.205984
975 2 52551613 -85.447117 40.214933
875 2 52741483 -85.358802 40.181947
500 1 52709910 -85.347821 40.1921307
850 2 52709519 -85.385428 40.200801
600 1 52629801 -85.382759 40.17959
650 1 52514036 -85.381968 40.203267
575 0 52386580 -85.390753 40.190043
675 1 52338600 -85.390029 40.212308
650 1 52206524 -85.391624 40.190949
1025 1 52155330 -85.3898587 40.1946139
900 2 52155241 -85.388542 40.225337
695 2 52697869 -85.35296 40.194034
650 1 51990058 -85.379179 40.193389
950 2 51990739 -85.366386 40.217312
650 1 51950341 -85.389011 40.177046
850 1 51105138 -85.392948 40.190824
850 1 51105134 -85.389535 40.191162
825 2 51983795 -85.3782 40.2223
700 1 51982259 -85.386804 40.184959
1100 4 51979923 -85.359852 40.178552
750 1 52056530 -85.381291 40.192588
750 1 52513347 -85.391189 40.190034
550 1 51973843 -85.390676 40.180939
850 2 51972073 -85.389087 40.209714
800 2 51947800 -85.386142 40.213412
750 3 51947801 -85.386142 40.213412
500 1 52192548 -85.381458 40.192609
750 2 51947388 -85.360759 40.177905
942 1 51965392 -85.384366 40.223329
893 1 51965389 -85.384457 40.225976
675 1 51964211 -85.390128 40.189243
625 2 51963445 -85.353439 40.178546
650 1 51962821 -85.390539 40.192936
700 2 51962302 -85.367259 40.17579
347 2 42848437 -85.3760595 40.186768
544 1 42848430 -85.3760595 40.186768
298 1 42848359 -85.3760595 40.186768
201 1 40043646 -85.3760595 40.186768
599 2 40043656 -85.3760595 40.186768
298 1 40043722 -85.3760595 40.186768
210 1 40043617 -85.3805178231 40.1929695302
580 2 40043625 -85.3805178231 40.1929695302
280 1 42848685 -85.3836123 40.1900117
278 0 40043547 -85.3854776709526 40.1917452943241
599 2 40043545 -85.3854776709526 40.1917452943241
280 1 42848484 -85.3698827710748 40.2069092943241
754 3 43864710 -85.3698827710748 40.2069092943241
725 1 51957623 -85.388776 40.1937163
650 1 51955895 -85.385169 40.185384
990 2 52205382 -85.389043 40.225448
1100 2 52192321 -85.392645 40.200179
550 1 52035592 -85.379194 40.192862
499 1 50675268 -85.391882 40.178546
950 1 50920427 -85.3854 40.1931
900 0 50920428 -85.3854 40.1931
575 1 51445730 -85.3781 40.2223
800 2 51942491 -85.312689 40.191937
1600 4 52100664 -85.393132 40.198315
825 2 52190068 -85.315436 40.192148
799 2 52251711 -85.369429 40.222658
799 2 52251712 -85.369356 40.222658
799 2 52251713 -85.369518 40.222448
775 2 52421908 -85.311977 40.191556
900 2 52551611 -85.365603 40.210339
800 3 52720047 -85.37827 40.192197
